time:,Px,Py,Pz,Vx,Vy,Vz,Ax,Ay,Az,Jx,Jy,Jz,Sx,Sy,Sz
0.0,0.0,0.0,0.0,0.0,0.0,0.0,0.0,0.0,0.0,0.0,0.0,0.0,0.0,0.0,0
0.01,1.6666666666666669e-06,1.6666666666666669e-06,1.0000000000000002e-06,0.0005,0.0005,0.00030000000000000003,0.1,0.1,0.06,10.0,10.0,6.0,0.0,0.0,0
0.02,1.3333333333333335e-05,1.3333333333333335e-05,8.000000000000001e-06,0.002,0.002,0.0012000000000000001,0.2,0.2,0.12,10.0,10.0,6.0,0.0,0.0,0
0.03,4.5e-05,4.5e-05,2.7000000000000006e-05,0.0045000000000000005,0.0045000000000000005,0.0027,0.30000000000000004,0.30000000000000004,0.18,10.0,10.0,6.0,0.0,0.0,0
0.04,0.00010666666666666667,0.00010666666666666667,6.400000000000001e-05,0.008000000000000002,0.008000000000000002,0.0048000000000000004,0.4,0.4,0.24,10.0,10.0,6.0,0.0,0.0,0
0.05,0.00020833333333333335,0.00020833333333333335,0.000125,0.012500000000000002,0.012500000000000002,0.0075,0.5,0.5,0.3,10.0,10.0,6.0,0.0,0.0,0
0.060000000000000005,0.0003600000000000001,0.0003600000000000001,0.000216,0.018000000000000002,0.018000000000000002,0.010799999999999999,0.6,0.6,0.36,10.0,10.0,6.0,0.0,0.0,0
0.07,0.0005716666666666667,0.0005716666666666667,0.000343,0.0245,0.0245,0.0147,0.7,0.7,0.42,10.0,10.0,6.0,0.0,0.0,0
0.08,0.0008533333333333333,0.0008533333333333333,0.000512,0.032,0.032,0.019200000000000002,0.7999999999999999,0.7999999999999999,0.48,10.0,10.0,6.0,0.0,0.0,0
0.09,0.001215,0.001215,0.000729,0.0405,0.0405,0.024300000000000002,0.8999999999999999,0.8999999999999999,0.54,10.0,10.0,6.0,0.0,0.0,0
0.09999999999999999,0.0016666666666666666,0.0016666666666666666,0.001,0.05,0.05,0.030000000000000006,0.9999999999999999,0.9999999999999999,0.6000000000000001,10.0,10.0,6.0,0.0,0.0,0
0.10999999999999999,0.0022183333333333334,0.0022183333333333334,0.0013310000000000002,0.0605,0.0605,0.036300000000000006,1.0,1.0,0.6600000000000001,10.0,10.0,6.0,0.0,0.0,0
0.11999999999999998,0.0028750000000000004,0.0028750000000000004,0.0017280000000000002,0.071,0.071,0.04320000000000001,1.0,1.0,0.7200000000000002,10.0,10.0,6.0,0.0,0.0,0
0.12999999999999998,0.0036366666666666674,0.0036366666666666674,0.0021970000000000006,0.08149999999999999,0.08149999999999999,0.050700000000000016,1.0,1.0,0.7800000000000002,10.0,10.0,6.0,0.0,0.0,0
0.13999999999999999,0.004503333333333333,0.004503333333333333,0.0027440000000000008,0.09199999999999998,0.09199999999999998,0.05880000000000002,1.0,1.0,0.8400000000000003,10.0,10.0,6.0,0.0,0.0,0
0.15,0.005474999999999999,0.005474999999999999,0.003375000000000001,0.10249999999999998,0.10249999999999998,0.06750000000000002,1.0,1.0,0.9000000000000004,10.0,10.0,6.0,0.0,0.0,0
0.16,0.006551666666666665,0.006551666666666665,0.004096000000000001,0.11299999999999998,0.11299999999999998,0.07680000000000002,1.0,1.0,0.9600000000000004,10.0,10.0,6.0,0.0,0.0,0
0.17,0.007733333333333331,0.007733333333333331,0.004913000000000002,0.12349999999999997,0.12349999999999997,0.08670000000000003,1.0,1.0,1.0,10.0,10.0,6.0,0.0,0.0,0
0.18000000000000002,0.009019999999999997,0.009019999999999997,0.005831000000000002,0.13399999999999998,0.13399999999999998,0.09700000000000002,1.0,1.0,1.0,10.0,10.0,6.0,0.0,0.0,0
0.19000000000000003,0.010411666666666663,0.010411666666666663,0.006852000000000002,0.1445,0.1445,0.1073,1.0,1.0,1.0,10.0,10.0,6.0,0.0,0.0,0
0.20000000000000004,0.01190833333333333,0.01190833333333333,0.007976,0.155,0.155,0.1176,1.0,1.0,1.0,10.0,10.0,6.0,0.0,0.0,0
0.21000000000000005,0.013509999999999996,0.013509999999999996,0.009203,0.1655,0.1655,0.12789999999999999,1.0,1.0,1.0,10.0,10.0,6.0,0.0,0.0,0
0.22000000000000006,0.015216666666666663,0.015216666666666663,0.010532999999999999,0.17600000000000002,0.17600000000000002,0.1382,1.0,1.0,1.0,10.0,10.0,6.0,0.0,0.0,0
0.23000000000000007,0.017028333333333333,0.017028333333333333,0.011965999999999997,0.18650000000000003,0.18650000000000003,0.1485,1.0,1.0,1.0,10.0,10.0,6.0,0.0,0.0,0
0.24000000000000007,0.018945,0.018945,0.013501999999999997,0.19700000000000004,0.19700000000000004,0.1588,1.0,1.0,1.0,10.0,10.0,6.0,0.0,0.0,0
0.25000000000000006,0.020966666666666668,0.020966666666666668,0.015140999999999995,0.20750000000000005,0.20750000000000005,0.1691,1.0,1.0,1.0,10.0,10.0,6.0,0.0,0.0,0
0.26000000000000006,0.023093333333333337,0.023093333333333337,0.016883,0.21800000000000005,0.21800000000000005,0.1794,1.0,1.0,1.0,10.0,10.0,6.0,0.0,0.0,0
0.2700000000000001,0.025325000000000007,0.025325000000000007,0.018728,0.22850000000000006,0.22850000000000006,0.1897,1.0,1.0,1.0,10.0,10.0,6.0,0.0,0.0,0
0.2800000000000001,0.027661666666666678,0.027661666666666678,0.020676000000000003,0.23900000000000007,0.23900000000000007,0.2,1.0,1.0,1.0,10.0,10.0,6.0,0.0,0.0,0
0.2900000000000001,0.030103333333333347,0.030103333333333347,0.022727000000000004,0.24950000000000008,0.24950000000000008,0.21030000000000001,1.0,1.0,1.0,10.0,10.0,6.0,0.0,0.0,0
0.3000000000000001,0.03265000000000001,0.03265000000000001,0.024881000000000007,0.26000000000000006,0.26000000000000006,0.22060000000000002,1.0,1.0,1.0,10.0,10.0,6.0,0.0,0.0,0
0.3100000000000001,0.035301666666666676,0.035301666666666676,0.02713800000000001,0.2705000000000001,0.2705000000000001,0.23090000000000002,1.0,1.0,1.0,10.0,10.0,6.0,0.0,0.0,0
0.3200000000000001,0.03805833333333334,0.03805833333333334,0.02949800000000001,0.2810000000000001,0.2810000000000001,0.24120000000000003,1.0,1.0,1.0,10.0,10.0,6.0,0.0,0.0,0
0.3300000000000001,0.040920000000000005,0.040920000000000005,0.03196100000000001,0.2915000000000001,0.2915000000000001,0.25150000000000006,1.0,1.0,1.0,10.0,10.0,6.0,0.0,0.0,0
0.34000000000000014,0.04388666666666667,0.04388666666666667,0.034527000000000016,0.3020000000000001,0.3020000000000001,0.2618000000000001,1.0,1.0,1.0,10.0,10.0,6.0,0.0,0.0,0
0.35000000000000014,0.04695833333333334,0.04695833333333334,0.03719600000000002,0.3125000000000001,0.3125000000000001,0.2721000000000001,1.0,1.0,1.0,10.0,10.0,6.0,0.0,0.0,0
0.36000000000000015,0.050135000000000006,0.050135000000000006,0.039968000000000024,0.3230000000000001,0.3230000000000001,0.28240000000000015,1.0,1.0,1.0,10.0,10.0,6.0,0.0,0.0,0
0.37000000000000016,0.053416666666666675,0.053416666666666675,0.04284300000000003,0.33350000000000013,0.33350000000000013,0.2927000000000002,1.0,1.0,1.0,10.0,10.0,6.0,0.0,0.0,0
0.38000000000000017,0.05680333333333334,0.05680333333333334,0.04582100000000003,0.34400000000000014,0.34400000000000014,0.3030000000000002,1.0,1.0,1.0,10.0,10.0,6.0,0.0,0.0,0
0.3900000000000002,0.060295,0.060295,0.048902000000000036,0.35450000000000015,0.35450000000000015,0.31330000000000024,1.0,1.0,1.0,10.0,10.0,6.0,0.0,0.0,0
0.4000000000000002,0.06389166666666667,0.06389166666666667,0.05208600000000004,0.36500000000000016,0.36500000000000016,0.3236000000000003,1.0,1.0,1.0,10.0,10.0,6.0,0.0,0.0,0
0.4100000000000002,0.06759333333333332,0.06759333333333332,0.05537300000000005,0.37550000000000017,0.37550000000000017,0.3339000000000003,1.0,1.0,1.0,10.0,10.0,6.0,0.0,0.0,0
0.4200000000000002,0.07139999999999999,0.07139999999999999,0.05876300000000005,0.3860000000000002,0.3860000000000002,0.34420000000000034,1.0,1.0,1.0,10.0,10.0,6.0,0.0,0.0,0
0.4300000000000002,0.07531166666666665,0.07531166666666665,0.062256000000000054,0.3965000000000002,0.3965000000000002,0.35450000000000037,1.0,1.0,1.0,10.0,10.0,6.0,0.0,0.0,0
0.4400000000000002,0.0793283333333333,0.0793283333333333,0.06585200000000005,0.4070000000000002,0.4070000000000002,0.3648000000000004,1.0,1.0,1.0,10.0,10.0,6.0,0.0,0.0,0
0.45000000000000023,0.08344999999999997,0.08344999999999997,0.06955100000000004,0.4175000000000002,0.4175000000000002,0.37510000000000043,1.0,1.0,1.0,10.0,10.0,6.0,0.0,0.0,0
0.46000000000000024,0.08767666666666663,0.08767666666666663,0.07335300000000004,0.4280000000000002,0.4280000000000002,0.38540000000000046,1.0,1.0,1.0,10.0,10.0,6.0,0.0,0.0,0
0.47000000000000025,0.09200833333333329,0.09200833333333329,0.07725800000000005,0.4385000000000002,0.4385000000000002,0.3957000000000005,1.0,1.0,1.0,10.0,10.0,6.0,0.0,0.0,0
0.48000000000000026,0.09644499999999995,0.09644499999999995,0.08126600000000005,0.44900000000000023,0.44900000000000023,0.4060000000000005,1.0,1.0,1.0,10.0,10.0,6.0,0.0,0.0,0
0.49000000000000027,0.10098666666666661,0.10098666666666661,0.08537700000000005,0.45950000000000024,0.45950000000000024,0.41630000000000056,1.0,1.0,1.0,10.0,10.0,6.0,0.0,0.0,0
0.5000000000000002,0.10563333333333327,0.10563333333333327,0.08959100000000005,0.47000000000000025,0.47000000000000025,0.4266000000000006,1.0,1.0,1.0,10.0,10.0,6.0,0.0,0.0,0
0.5100000000000002,0.11038499999999994,0.11038499999999994,0.09390800000000005,0.48050000000000026,0.48050000000000026,0.4369000000000006,1.0,1.0,1.0,10.0,10.0,6.0,0.0,0.0,0
0.5200000000000002,0.1152416666666666,0.1152416666666666,0.09832800000000005,0.49100000000000027,0.49100000000000027,0.44720000000000065,1.0,1.0,1.0,10.0,10.0,6.0,0.0,0.0,0
0.5300000000000002,0.12020333333333326,0.12020333333333326,0.10285100000000005,0.5015000000000002,0.5015000000000002,0.4575000000000007,1.0,1.0,1.0,10.0,10.0,6.0,0.0,0.0,0
0.5400000000000003,0.12526999999999994,0.12526999999999994,0.10747700000000006,0.5120000000000001,0.5120000000000001,0.4678000000000007,1.0,1.0,1.0,10.0,10.0,6.0,0.0,0.0,0
0.5500000000000003,0.13044166666666662,0.13044166666666662,0.11220600000000006,0.5225000000000001,0.5225000000000001,0.47810000000000075,1.0,1.0,1.0,10.0,10.0,6.0,0.0,0.0,0
0.5600000000000003,0.1357183333333333,0.1357183333333333,0.11703800000000006,0.533,0.533,0.4884000000000008,1.0,1.0,1.0,10.0,10.0,6.0,0.0,0.0,0
0.5700000000000003,0.14109999999999998,0.14109999999999998,0.12197300000000007,0.5435,0.5435,0.4987000000000008,1.0,1.0,1.0,10.0,10.0,6.0,0.0,0.0,0
0.5800000000000003,0.14658666666666664,0.14658666666666664,0.12701100000000007,0.5539999999999999,0.5539999999999999,0.5090000000000008,1.0,1.0,1.0,10.0,10.0,6.0,0.0,0.0,0
0.5900000000000003,0.1521783333333333,0.1521783333333333,0.13215200000000007,0.5644999999999999,0.5644999999999999,0.5193000000000008,1.0,1.0,1.0,10.0,10.0,6.0,0.0,0.0,0
0.6000000000000003,0.157875,0.157875,0.13739600000000007,0.5749999999999998,0.5749999999999998,0.5296000000000007,1.0,1.0,1.0,10.0,10.0,6.0,0.0,0.0,0
0.6100000000000003,0.16367666666666666,0.16367666666666666,0.14274300000000006,0.5854999999999998,0.5854999999999998,0.5399000000000007,1.0,1.0,1.0,10.0,10.0,6.0,0.0,0.0,0
0.6200000000000003,0.16958333333333334,0.16958333333333334,0.14819300000000007,0.5959999999999998,0.5959999999999998,0.5502000000000007,1.0,1.0,1.0,10.0,10.0,6.0,0.0,0.0,0
0.6300000000000003,0.175595,0.175595,0.15374600000000008,0.6064999999999997,0.6064999999999997,0.5605000000000007,1.0,1.0,1.0,10.0,10.0,6.0,0.0,0.0,0
0.6400000000000003,0.18171166666666666,0.18171166666666666,0.15940200000000007,0.6169999999999997,0.6169999999999997,0.5708000000000006,1.0,1.0,1.0,10.0,10.0,6.0,0.0,0.0,0
0.6500000000000004,0.18793333333333334,0.18793333333333334,0.16516100000000009,0.6274999999999996,0.6274999999999996,0.5811000000000006,1.0,1.0,1.0,10.0,10.0,6.0,0.0,0.0,0
0.6600000000000004,0.19426000000000002,0.19426000000000002,0.1710230000000001,0.6379999999999996,0.6379999999999996,0.5914000000000006,1.0,1.0,1.0,10.0,10.0,6.0,0.0,0.0,0
0.6700000000000004,0.20069166666666668,0.20069166666666668,0.1769880000000001,0.6484999999999995,0.6484999999999995,0.6017000000000006,1.0,1.0,1.0,10.0,10.0,6.0,0.0,0.0,0
0.6800000000000004,0.20722833333333335,0.20722833333333335,0.18305600000000008,0.6589999999999995,0.6589999999999995,0.6120000000000005,1.0,1.0,1.0,10.0,10.0,6.0,0.0,0.0,0
0.6900000000000004,0.21387,0.21387,0.1892270000000001,0.6694999999999994,0.6694999999999994,0.6223000000000005,1.0,1.0,1.0,10.0,10.0,6.0,0.0,0.0,0
0.7000000000000004,0.22061666666666668,0.22061666666666668,0.1955010000000001,0.6799999999999994,0.6799999999999994,0.6326000000000005,1.0,1.0,1.0,10.0,10.0,6.0,0.0,0.0,0
0.7100000000000004,0.22746833333333336,0.22746833333333336,0.20187800000000009,0.6904999999999993,0.6904999999999993,0.6429000000000005,1.0,1.0,1.0,10.0,10.0,6.0,0.0,0.0,0
0.7200000000000004,0.23442500000000002,0.23442500000000002,0.2083580000000001,0.7009999999999993,0.7009999999999993,0.6532000000000004,1.0,1.0,1.0,10.0,10.0,6.0,0.0,0.0,0
0.7300000000000004,0.24148666666666668,0.24148666666666668,0.2149410000000001,0.7114999999999992,0.7114999999999992,0.6635000000000004,1.0,1.0,1.0,10.0,10.0,6.0,0.0,0.0,0
0.7400000000000004,0.24865333333333334,0.24865333333333334,0.2216270000000001,0.7219999999999992,0.7219999999999992,0.6738000000000004,1.0,1.0,1.0,10.0,10.0,6.0,0.0,0.0,0
0.7500000000000004,0.255925,0.255925,0.2284160000000001,0.7324999999999992,0.7324999999999992,0.6841000000000004,1.0,1.0,1.0,10.0,10.0,6.0,0.0,0.0,0
0.7600000000000005,0.26330166666666666,0.26330166666666666,0.2353080000000001,0.7429999999999991,0.7429999999999991,0.6944000000000004,1.0,1.0,1.0,10.0,10.0,6.0,0.0,0.0,0
0.7700000000000005,0.2707833333333333,0.2707833333333333,0.2423030000000001,0.7534999999999991,0.7534999999999991,0.7047000000000003,1.0,1.0,1.0,10.0,10.0,6.0,0.0,0.0,0
0.7800000000000005,0.27837,0.27837,0.2494010000000001,0.763999999999999,0.763999999999999,0.7150000000000003,1.0,1.0,1.0,10.0,10.0,6.0,0.0,0.0,0
0.7900000000000005,0.28606166666666666,0.28606166666666666,0.25660200000000005,0.774499999999999,0.774499999999999,0.7253000000000003,1.0,1.0,1.0,10.0,10.0,6.0,0.0,0.0,0
0.8000000000000005,0.29385833333333333,0.29385833333333333,0.26390600000000003,0.7849999999999989,0.7849999999999989,0.7356000000000003,1.0,1.0,1.0,10.0,10.0,6.0,0.0,0.0,0
0.8100000000000005,0.30176,0.30176,0.271313,0.7954999999999989,0.7954999999999989,0.7459000000000002,1.0,1.0,1.0,10.0,10.0,6.0,0.0,0.0,0
0.8200000000000005,0.30976666666666663,0.30976666666666663,0.278823,0.8059999999999988,0.8059999999999988,0.7562000000000002,1.0,1.0,1.0,10.0,10.0,6.0,0.0,0.0,0
0.8300000000000005,0.3178783333333333,0.3178783333333333,0.28643599999999997,0.8164999999999988,0.8164999999999988,0.7665000000000002,1.0,1.0,1.0,10.0,10.0,6.0,0.0,0.0,0
0.8400000000000005,0.32609499999999997,0.32609499999999997,0.2941519999999999,0.8269999999999987,0.8269999999999987,0.7768000000000002,1.0,1.0,1.0,10.0,10.0,6.0,0.0,0.0,0
0.8500000000000005,0.33441666666666664,0.33441666666666664,0.3019709999999999,0.8374999999999987,0.8374999999999987,0.7871000000000001,1.0,1.0,1.0,10.0,10.0,6.0,0.0,0.0,0
0.8600000000000005,0.3428433333333333,0.3428433333333333,0.30989299999999986,0.8479999999999986,0.8479999999999986,0.7974000000000001,1.0,1.0,1.0,10.0,10.0,6.0,0.0,0.0,0
0.8700000000000006,0.35137499999999994,0.35137499999999994,0.3179179999999998,0.8584999999999986,0.8584999999999986,0.8077000000000001,1.0,1.0,1.0,10.0,10.0,6.0,0.0,0.0,0
0.8800000000000006,0.3600116666666666,0.3600116666666666,0.3260459999999998,0.8689999999999986,0.8689999999999986,0.8180000000000001,1.0,1.0,1.0,10.0,10.0,6.0,0.0,0.0,0
0.8900000000000006,0.36875333333333327,0.36875333333333327,0.33427699999999977,0.8794999999999985,0.8794999999999985,0.8283,1.0,1.0,1.0,10.0,10.0,6.0,0.0,0.0,0
0.9000000000000006,0.37759999999999994,0.37759999999999994,0.3426109999999997,0.8899999999999985,0.8899999999999985,0.8386,1.0,1.0,1.0,10.0,10.0,6.0,0.0,0.0,0
0.9100000000000006,0.38655166666666657,0.38655166666666657,0.3510479999999997,0.9004999999999984,0.9004999999999984,0.8489,1.0,1.0,1.0,10.0,10.0,6.0,0.0,0.0,0
0.9200000000000006,0.39560833333333323,0.39560833333333323,0.3595879999999997,0.9109999999999984,0.9109999999999984,0.8592,1.0,1.0,1.0,10.0,10.0,6.0,0.0,0.0,0
0.9300000000000006,0.4047699999999999,0.4047699999999999,0.36823099999999964,0.9214999999999983,0.9214999999999983,0.8694999999999999,1.0,1.0,1.0,10.0,10.0,6.0,0.0,0.0,0
0.9400000000000006,0.41403666666666655,0.41403666666666655,0.3769769999999996,0.9319999999999983,0.9319999999999983,0.8797999999999999,1.0,1.0,1.0,10.0,10.0,6.0,0.0,0.0,0
0.9500000000000006,0.4234083333333332,0.4234083333333332,0.38582599999999956,0.9424999999999982,0.9424999999999982,0.8900999999999999,1.0,1.0,1.0,10.0,10.0,6.0,0.0,0.0,0
0.9600000000000006,0.43288499999999985,0.43288499999999985,0.3947779999999995,0.9529999999999982,0.9529999999999982,0.9003999999999999,1.0,1.0,1.0,10.0,10.0,6.0,0.0,0.0,0
0.9700000000000006,0.4424666666666665,0.4424666666666665,0.4038329999999995,0.9634999999999981,0.9634999999999981,0.9106999999999998,1.0,1.0,1.0,10.0,10.0,6.0,0.0,0.0,0
0.9800000000000006,0.4521533333333332,0.4521533333333332,0.41299099999999944,0.9739999999999981,0.9739999999999981,0.9209999999999998,1.0,1.0,1.0,10.0,10.0,6.0,0.0,0.0,0
0.9900000000000007,0.46194499999999983,0.46194499999999983,0.4222519999999994,0.984499999999998,0.984499999999998,0.9312999999999998,1.0,1.0,1.0,10.0,10.0,6.0,0.0,0.0,0
1.0000000000000007,0.4718416666666665,0.4718416666666665,0.4316159999999994,0.994999999999998,0.994999999999998,0.9415999999999998,1.0,1.0,1.0,10.0,10.0,6.0,0.0,0.0,0
1.0100000000000007,0.4818433333333331,0.4818433333333331,0.44108299999999934,1.0054999999999978,1.0054999999999978,0.9518999999999997,1.0,1.0,1.0,10.0,10.0,6.0,0.0,0.0,0
1.0200000000000007,0.4919499999999998,0.4919499999999998,0.4506529999999993,1.0159999999999978,1.0159999999999978,0.9621999999999997,1.0,1.0,1.0,10.0,10.0,6.0,0.0,0.0,0
1.0300000000000007,0.5021616666666664,0.5021616666666664,0.4603259999999993,1.0264999999999977,1.0264999999999977,0.9724999999999997,1.0,1.0,1.0,10.0,10.0,6.0,0.0,0.0,0
1.0400000000000007,0.512478333333333,0.512478333333333,0.47010199999999924,1.0369999999999977,1.0369999999999977,0.9827999999999997,1.0,1.0,1.0,10.0,10.0,6.0,0.0,0.0,0
1.0500000000000007,0.5228999999999997,0.5228999999999997,0.4799809999999992,1.0474999999999977,1.0474999999999977,0.9930999999999996,1.0,1.0,1.0,10.0,10.0,6.0,0.0,0.0,0
1.0600000000000007,0.5334266666666664,0.5334266666666664,0.4899629999999992,1.0579999999999976,1.0579999999999976,1.0033999999999996,1.0,1.0,1.0,10.0,10.0,6.0,0.0,0.0,0
1.0700000000000007,0.544058333333333,0.544058333333333,0.5000479999999993,1.0684999999999976,1.0684999999999976,1.0136999999999996,1.0,1.0,1.0,10.0,10.0,6.0,0.0,0.0,0
1.0800000000000007,0.5547949999999996,0.5547949999999996,0.5102359999999992,1.0789999999999975,1.0789999999999975,1.0239999999999996,1.0,1.0,1.0,10.0,10.0,6.0,0.0,0.0,0
1.0900000000000007,0.5656366666666662,0.5656366666666662,0.5205269999999993,1.0894999999999975,1.0894999999999975,1.0342999999999996,1.0,1.0,1.0,10.0,10.0,6.0,0.0,0.0,0
1.1000000000000008,0.5765833333333329,0.5765833333333329,0.5309209999999993,1.0999999999999974,1.0999999999999974,1.0445999999999995,1.0,1.0,1.0,10.0,10.0,6.0,0.0,0.0,0
1.1100000000000008,0.5876349999999996,0.5876349999999996,0.5414179999999993,1.1104999999999974,1.1104999999999974,1.0548999999999995,1.0,1.0,1.0,10.0,10.0,6.0,0.0,0.0,0
1.1200000000000008,0.5987916666666662,0.5987916666666662,0.5520179999999993,1.1209999999999973,1.1209999999999973,1.0651999999999995,1.0,1.0,1.0,10.0,10.0,6.0,0.0,0.0,0
1.1300000000000008,0.6100533333333328,0.6100533333333328,0.5627209999999994,1.1314999999999973,1.1314999999999973,1.0754999999999995,1.0,1.0,1.0,10.0,10.0,6.0,0.0,0.0,0
1.1400000000000008,0.6214199999999994,0.6214199999999994,0.5735269999999993,1.1419999999999972,1.1419999999999972,1.0857999999999994,1.0,1.0,1.0,10.0,10.0,6.0,0.0,0.0,0
1.1500000000000008,0.6328916666666661,0.6328916666666661,0.5844359999999994,1.1524999999999972,1.1524999999999972,1.0960999999999994,1.0,1.0,1.0,10.0,10.0,6.0,0.0,0.0,0
1.1600000000000008,0.6444683333333328,0.6444683333333328,0.5954479999999994,1.1629999999999971,1.1629999999999971,1.1063999999999994,1.0,1.0,1.0,10.0,10.0,6.0,0.0,0.0,0
1.1700000000000008,0.6561499999999993,0.6561499999999993,0.6065629999999994,1.173499999999997,1.173499999999997,1.1166999999999994,1.0,1.0,1.0,10.0,10.0,6.0,0.0,0.0,0
1.1800000000000008,0.667936666666666,0.667936666666666,0.6177809999999995,1.183999999999997,1.183999999999997,1.1269999999999993,1.0,1.0,1.0,10.0,10.0,6.0,0.0,0.0,0
1.1900000000000008,0.6798283333333326,0.6798283333333326,0.6291019999999995,1.194499999999997,1.194499999999997,1.1372999999999993,1.0,1.0,1.0,10.0,10.0,6.0,0.0,0.0,0
1.2000000000000008,0.6918249999999992,0.6918249999999992,0.6405259999999995,1.204999999999997,1.204999999999997,1.1475999999999993,1.0,1.0,1.0,10.0,10.0,6.0,0.0,0.0,0
1.2100000000000009,0.7039266666666659,0.7039266666666659,0.6520529999999995,1.215499999999997,1.215499999999997,1.1578999999999993,1.0,1.0,1.0,10.0,10.0,6.0,0.0,0.0,0
1.2200000000000009,0.7161333333333325,0.7161333333333325,0.6636829999999996,1.2259999999999969,1.2259999999999969,1.1681999999999992,1.0,1.0,1.0,10.0,10.0,6.0,0.0,0.0,0
1.2300000000000009,0.7284449999999991,0.7284449999999991,0.6754159999999996,1.2364999999999968,1.2364999999999968,1.1784999999999992,1.0,1.0,1.0,10.0,10.0,6.0,0.0,0.0,0
1.2400000000000009,0.7408616666666658,0.7408616666666658,0.6872519999999996,1.2469999999999968,1.2469999999999968,1.1887999999999992,1.0,1.0,1.0,10.0,10.0,6.0,0.0,0.0,0
1.2500000000000009,0.7533833333333324,0.7533833333333324,0.6991909999999997,1.2574999999999967,1.2574999999999967,1.1990999999999992,1.0,1.0,1.0,10.0,10.0,6.0,0.0,0.0,0
1.260000000000001,0.7660099999999991,0.7660099999999991,0.7112329999999997,1.2679999999999967,1.2679999999999967,1.2093999999999991,1.0,1.0,1.0,10.0,10.0,6.0,0.0,0.0,0
1.270000000000001,0.7787416666666657,0.7787416666666657,0.7233779999999996,1.2784999999999966,1.2784999999999966,1.2196999999999991,1.0,1.0,1.0,10.0,10.0,6.0,0.0,0.0,0
1.280000000000001,0.7915783333333323,0.7915783333333323,0.7356259999999997,1.2889999999999966,1.2889999999999966,1.229999999999999,1.0,1.0,1.0,10.0,10.0,6.0,0.0,0.0,0
1.290000000000001,0.8045199999999989,0.8045199999999989,0.7479769999999997,1.2994999999999965,1.2994999999999965,1.240299999999999,1.0,1.0,1.0,10.0,10.0,6.0,0.0,0.0,0
1.300000000000001,0.8175666666666656,0.8175666666666656,0.7604309999999996,1.3099999999999965,1.3099999999999965,1.250599999999999,1.0,1.0,1.0,10.0,10.0,6.0,0.0,0.0,0
1.310000000000001,0.8307183333333322,0.8307183333333322,0.7729879999999997,1.3204999999999965,1.3204999999999965,1.260899999999999,1.0,1.0,1.0,10.0,10.0,6.0,0.0,0.0,0
1.320000000000001,0.8439749999999988,0.8439749999999988,0.7856479999999997,1.3309999999999964,1.3309999999999964,1.271199999999999,1.0,1.0,1.0,10.0,10.0,6.0,0.0,0.0,0
1.330000000000001,0.8573366666666654,0.8573366666666654,0.7984109999999996,1.3414999999999964,1.3414999999999964,1.281499999999999,1.0,1.0,1.0,10.0,10.0,6.0,0.0,0.0,0
1.340000000000001,0.870803333333332,0.870803333333332,0.8112769999999997,1.3519999999999963,1.3519999999999963,1.291799999999999,1.0,1.0,1.0,10.0,10.0,6.0,0.0,0.0,0
1.350000000000001,0.8843749999999987,0.8843749999999987,0.8242459999999997,1.3624999999999963,1.3624999999999963,1.302099999999999,1.0,1.0,1.0,10.0,10.0,6.0,0.0,0.0,0
1.360000000000001,0.8980516666666654,0.8980516666666654,0.8373179999999997,1.3729999999999962,1.3729999999999962,1.312399999999999,1.0,1.0,1.0,10.0,10.0,6.0,0.0,0.0,0
1.370000000000001,0.9118333333333319,0.9118333333333319,0.8504929999999997,1.3834999999999962,1.3834999999999962,1.3226999999999989,1.0,1.0,1.0,10.0,10.0,6.0,0.0,0.0,0
1.380000000000001,0.9257199999999985,0.9257199999999985,0.8637709999999997,1.3939999999999961,1.3939999999999961,1.3329999999999989,1.0,1.0,1.0,10.0,10.0,6.0,0.0,0.0,0
1.390000000000001,0.9397116666666652,0.9397116666666652,0.8771519999999997,1.404499999999996,1.404499999999996,1.3432999999999988,1.0,1.0,1.0,10.0,10.0,6.0,0.0,0.0,0
1.400000000000001,0.9538083333333318,0.9538083333333318,0.8906359999999998,1.414999999999996,1.414999999999996,1.3535999999999988,1.0,1.0,1.0,10.0,10.0,6.0,0.0,0.0,0
1.410000000000001,0.9680099999999985,0.9680099999999985,0.9042229999999998,1.425499999999996,1.425499999999996,1.3638999999999988,1.0,1.0,1.0,10.0,10.0,6.0,0.0,0.0,0
1.420000000000001,0.9823166666666651,0.9823166666666651,0.9179129999999998,1.435999999999996,1.435999999999996,1.3741999999999988,1.0,1.0,1.0,10.0,10.0,6.0,0.0,0.0,0
1.430000000000001,0.9967283333333317,0.9967283333333317,0.9317059999999998,1.446499999999996,1.446499999999996,1.3844999999999987,1.0,1.0,1.0,10.0,10.0,6.0,0.0,0.0,0
1.440000000000001,1.0112449999999984,1.0112449999999984,0.9456019999999998,1.4569999999999959,1.4569999999999959,1.3947999999999987,1.0,1.0,1.0,10.0,10.0,6.0,0.0,0.0,0
1.450000000000001,1.0258666666666652,1.0258666666666652,0.9596009999999998,1.4674999999999958,1.4674999999999958,1.4050999999999987,1.0,1.0,1.0,10.0,10.0,6.0,0.0,0.0,0
1.460000000000001,1.040593333333332,1.040593333333332,0.9737029999999999,1.4779999999999958,1.4779999999999958,1.4153999999999987,1.0,1.0,1.0,10.0,10.0,6.0,0.0,0.0,0
1.470000000000001,1.0554249999999987,1.0554249999999987,0.9879079999999999,1.4884999999999957,1.4884999999999957,1.4256999999999986,1.0,1.0,1.0,10.0,10.0,6.0,0.0,0.0,0
1.480000000000001,1.0703616666666655,1.0703616666666655,1.002216,1.4989999999999957,1.4989999999999957,1.4359999999999986,1.0,1.0,1.0,10.0,10.0,6.0,0.0,0.0,0
1.490000000000001,1.0854033333333324,1.0854033333333324,1.016627,1.5094999999999956,1.5094999999999956,1.4462999999999986,1.0,1.0,1.0,10.0,10.0,6.0,0.0,0.0,0
1.500000000000001,1.100549999999999,1.100549999999999,1.0311409999999999,1.5199999999999956,1.5199999999999956,1.4565999999999986,1.0,1.0,1.0,10.0,10.0,6.0,0.0,0.0,0
1.5100000000000011,1.1158016666666657,1.1158016666666657,1.045758,1.5304999999999955,1.5304999999999955,1.4668999999999985,1.0,1.0,1.0,10.0,10.0,6.0,0.0,0.0,0
1.5200000000000011,1.1311583333333324,1.1311583333333324,1.060478,1.5409999999999955,1.5409999999999955,1.4771999999999985,1.0,1.0,1.0,10.0,10.0,6.0,0.0,0.0,0
1.5300000000000011,1.146619999999999,1.146619999999999,1.075301,1.5514999999999954,1.5514999999999954,1.4874999999999985,1.0,1.0,1.0,10.0,10.0,6.0,0.0,0.0,0
1.5400000000000011,1.1621866666666658,1.1621866666666658,1.090227,1.5619999999999954,1.5619999999999954,1.4977999999999985,1.0,1.0,1.0,10.0,10.0,6.0,0.0,0.0,0
1.5500000000000012,1.1778583333333326,1.1778583333333326,1.105256,1.5724999999999953,1.5724999999999953,1.5080999999999984,1.0,1.0,1.0,10.0,10.0,6.0,0.0,0.0,0
1.5600000000000012,1.1936349999999993,1.1936349999999993,1.120388,1.5829999999999953,1.5829999999999953,1.5183999999999984,1.0,1.0,1.0,10.0,10.0,6.0,0.0,0.0,0
1.5700000000000012,1.2095166666666661,1.2095166666666661,1.135623,1.5934999999999953,1.5934999999999953,1.5286999999999984,1.0,1.0,1.0,10.0,10.0,6.0,0.0,0.0,0
1.5800000000000012,1.225503333333333,1.225503333333333,1.1509610000000001,1.6039999999999952,1.6039999999999952,1.5389999999999984,1.0,1.0,1.0,10.0,10.0,6.0,0.0,0.0,0
1.5900000000000012,1.2415949999999998,1.2415949999999998,1.1664020000000002,1.6144999999999952,1.6144999999999952,1.5492999999999983,1.0,1.0,1.0,10.0,10.0,6.0,0.0,0.0,0
1.6000000000000012,1.2577916666666664,1.2577916666666664,1.1819460000000002,1.6249999999999951,1.6249999999999951,1.5595999999999983,1.0,1.0,1.0,10.0,10.0,6.0,0.0,0.0,0
1.6100000000000012,1.274093333333333,1.274093333333333,1.1975930000000001,1.635499999999995,1.635499999999995,1.5698999999999983,1.0,1.0,1.0,10.0,10.0,6.0,0.0,0.0,0
1.6200000000000012,1.2904999999999998,1.2904999999999998,1.213343,1.645999999999995,1.645999999999995,1.5801999999999983,1.0,1.0,1.0,10.0,10.0,6.0,0.0,0.0,0
1.6300000000000012,1.3070116666666665,1.3070116666666665,1.229196,1.656499999999995,1.656499999999995,1.5904999999999982,1.0,1.0,1.0,10.0,10.0,6.0,0.0,0.0,0
1.6400000000000012,1.3236283333333332,1.3236283333333332,1.245152,1.666999999999995,1.666999999999995,1.6007999999999982,1.0,1.0,1.0,10.0,10.0,6.0,0.0,0.0,0
1.6500000000000012,1.34035,1.34035,1.261211,1.6774999999999949,1.6774999999999949,1.6110999999999982,1.0,1.0,1.0,10.0,10.0,6.0,0.0,0.0,0
1.6600000000000013,1.3571766666666667,1.3571766666666667,1.277373,1.6879999999999948,1.6879999999999948,1.6213999999999982,1.0,1.0,1.0,10.0,10.0,6.0,0.0,0.0,0
1.6700000000000013,1.3741083333333335,1.3741083333333335,1.293638,1.6984999999999948,1.6984999999999948,1.6316999999999982,1.0,1.0,1.0,10.0,10.0,6.0,0.0,0.0,0
1.6800000000000013,1.3911450000000003,1.3911450000000003,1.310006,1.7089999999999947,1.7089999999999947,1.6419999999999981,1.0,1.0,1.0,10.0,10.0,6.0,0.0,0.0,0
1.6900000000000013,1.4082866666666671,1.4082866666666671,1.326477,1.7194999999999947,1.7194999999999947,1.652299999999998,1.0,1.0,1.0,10.0,10.0,6.0,0.0,0.0,0
1.7000000000000013,1.4255333333333338,1.4255333333333338,1.343051,1.7299999999999947,1.7299999999999947,1.662599999999998,1.0,1.0,1.0,10.0,10.0,6.0,0.0,0.0,0
1.7100000000000013,1.4428850000000004,1.4428850000000004,1.359728,1.7404999999999946,1.7404999999999946,1.672899999999998,1.0,1.0,1.0,10.0,10.0,6.0,0.0,0.0,0
1.7200000000000013,1.460341666666667,1.460341666666667,1.376508,1.7509999999999946,1.7509999999999946,1.683199999999998,1.0,1.0,1.0,10.0,10.0,6.0,0.0,0.0,0
1.7300000000000013,1.4779033333333338,1.4779033333333338,1.393391,1.7614999999999945,1.7614999999999945,1.693499999999998,1.0,1.0,1.0,10.0,10.0,6.0,0.0,0.0,0
1.7400000000000013,1.4955700000000005,1.4955700000000005,1.410377,1.7719999999999945,1.7719999999999945,1.703799999999998,1.0,1.0,1.0,10.0,10.0,6.0,0.0,0.0,0
1.7500000000000013,1.5133416666666673,1.5133416666666673,1.427466,1.7824999999999944,1.7824999999999944,1.714099999999998,1.0,1.0,1.0,10.0,10.0,6.0,0.0,0.0,0
1.7600000000000013,1.531218333333334,1.531218333333334,1.444658,1.7929999999999944,1.7929999999999944,1.724399999999998,1.0,1.0,1.0,10.0,10.0,6.0,0.0,0.0,0
1.7700000000000014,1.5492000000000008,1.5492000000000008,1.461953,1.8034999999999943,1.8034999999999943,1.734699999999998,1.0,1.0,1.0,10.0,10.0,6.0,0.0,0.0,0
1.7800000000000014,1.5672866666666676,1.5672866666666676,1.479351,1.8139999999999943,1.8139999999999943,1.7449999999999979,1.0,1.0,1.0,10.0,10.0,6.0,0.0,0.0,0
1.7900000000000014,1.5854783333333344,1.5854783333333344,1.496852,1.8244999999999942,1.8244999999999942,1.7552999999999979,1.0,1.0,1.0,10.0,10.0,6.0,0.0,0.0,0
1.8000000000000014,1.603775000000001,1.603775000000001,1.514456,1.8349999999999942,1.8349999999999942,1.7655999999999978,1.0,1.0,1.0,10.0,10.0,6.0,0.0,0.0,0
1.8100000000000014,1.6221766666666677,1.6221766666666677,1.532163,1.8454999999999941,1.8454999999999941,1.7758999999999978,1.0,1.0,1.0,10.0,10.0,6.0,0.0,0.0,0
1.8200000000000014,1.6406833333333344,1.6406833333333344,1.549973,1.855999999999994,1.855999999999994,1.7861999999999978,1.0,1.0,1.0,10.0,10.0,6.0,0.0,0.0,0
1.8300000000000014,1.659295000000001,1.659295000000001,1.5678860000000001,1.866499999999994,1.866499999999994,1.7964999999999978,1.0,1.0,1.0,10.0,10.0,6.0,0.0,0.0,0
1.8400000000000014,1.6780116666666678,1.6780116666666678,1.5859020000000001,1.876999999999994,1.876999999999994,1.8067999999999977,1.0,1.0,1.0,10.0,10.0,6.0,0.0,0.0,0
1.8500000000000014,1.6968333333333345,1.6968333333333345,1.6040210000000001,1.887499999999994,1.887499999999994,1.8170999999999977,1.0,1.0,1.0,10.0,10.0,6.0,0.0,0.0,0
1.8600000000000014,1.7157600000000013,1.7157600000000013,1.622243,1.897999999999994,1.897999999999994,1.8273999999999977,1.0,1.0,1.0,10.0,10.0,6.0,0.0,0.0,0
1.8700000000000014,1.734791666666668,1.734791666666668,1.640568,1.9084999999999939,1.9084999999999939,1.8376999999999977,1.0,1.0,1.0,10.0,10.0,6.0,0.0,0.0,0
1.8800000000000014,1.7539283333333349,1.7539283333333349,1.6589960000000001,1.9189999999999938,1.9189999999999938,1.8479999999999976,1.0,1.0,1.0,10.0,10.0,6.0,0.0,0.0,0
1.8900000000000015,1.7731700000000017,1.7731700000000017,1.6775270000000002,1.9294999999999938,1.9294999999999938,1.8582999999999976,1.0,1.0,1.0,10.0,10.0,6.0,0.0,0.0,0
1.9000000000000015,1.7925166666666683,1.7925166666666683,1.6961610000000003,1.9399999999999937,1.9399999999999937,1.8685999999999976,1.0,1.0,1.0,10.0,10.0,6.0,0.0,0.0,0
1.9100000000000015,1.811968333333335,1.811968333333335,1.7148980000000003,1.9504999999999937,1.9504999999999937,1.8788999999999976,1.0,1.0,1.0,10.0,10.0,6.0,0.0,0.0,0
1.9200000000000015,1.8315250000000016,1.8315250000000016,1.7337380000000002,1.9609999999999936,1.9609999999999936,1.8891999999999975,1.0,1.0,1.0,10.0,10.0,6.0,0.0,0.0,0
1.9300000000000015,1.8511866666666683,1.8511866666666683,1.7526810000000002,1.9714999999999936,1.9714999999999936,1.8994999999999975,1.0,1.0,1.0,10.0,10.0,6.0,0.0,0.0,0
1.9400000000000015,1.870953333333335,1.870953333333335,1.771727,1.9819999999999935,1.9819999999999935,1.9097999999999975,1.0,1.0,1.0,10.0,10.0,6.0,0.0,0.0,0
1.9500000000000015,1.8908250000000018,1.8908250000000018,1.7908760000000001,1.9924999999999935,1.9924999999999935,1.9200999999999975,1.0,1.0,1.0,10.0,10.0,6.0,0.0,0.0,0
1.9600000000000015,1.9108016666666685,1.9108016666666685,1.8101280000000002,2.0029999999999935,2.0029999999999935,1.9303999999999975,1.0,1.0,1.0,10.0,10.0,6.0,0.0,0.0,0
1.9700000000000015,1.9308833333333353,1.9308833333333353,1.8294830000000002,2.0134999999999934,2.0134999999999934,1.9406999999999974,1.0,1.0,1.0,10.0,10.0,6.0,0.0,0.0,0
1.9800000000000015,1.951070000000002,1.951070000000002,1.8489410000000002,2.0239999999999934,2.0239999999999934,1.9509999999999974,1.0,1.0,1.0,10.0,10.0,6.0,0.0,0.0,0
1.9900000000000015,1.971361666666669,1.971361666666669,1.868502,2.0344999999999933,2.0344999999999933,1.9612999999999974,1.0,1.0,1.0,10.0,10.0,6.0,0.0,0.0,0
2.0000000000000013,1.9917583333333355,1.9917583333333355,1.888166,2.0449999999999933,2.0449999999999933,1.9715999999999974,1.0,1.0,1.0,10.0,10.0,6.0,0.0,0.0,0
2.010000000000001,2.0122600000000017,2.0122600000000017,1.907933,2.055499999999993,2.055499999999993,1.9818999999999973,1.0,1.0,1.0,10.0,10.0,6.0,0.0,0.0,0
2.020000000000001,2.032866666666668,2.032866666666668,1.9278030000000002,2.065999999999993,2.065999999999993,1.9921999999999973,1.0,1.0,1.0,10.0,10.0,6.0,0.0,0.0,0
2.0300000000000007,2.053578333333334,2.053578333333334,1.9477760000000002,2.076499999999993,2.076499999999993,2.0,1.0,1.0,1.0,10.0,10.0,6.0,0.0,0.0,0
2.0400000000000005,2.0743950000000004,2.0743950000000004,1.9678270000000002,2.086999999999993,2.086999999999993,2.0,1.0,1.0,1.0,10.0,10.0,6.0,0.0,0.0,0
2.0500000000000003,2.0953166666666667,2.0953166666666667,1.9878780000000003,2.097499999999993,2.097499999999993,2.0,1.0,1.0,1.0,10.0,10.0,6.0,0.0,0.0,0
2.06,2.116343333333333,2.116343333333333,2.0079290000000003,2.107999999999993,2.107999999999993,2.0,1.0,1.0,1.0,10.0,10.0,6.0,0.0,0.0,0
2.07,2.1374749999999993,2.1374749999999993,2.0279800000000003,2.118499999999993,2.118499999999993,2.0,1.0,1.0,1.0,10.0,10.0,6.0,0.0,0.0,0
2.0799999999999996,2.1587116666666657,2.1587116666666657,2.0480310000000004,2.128999999999993,2.128999999999993,2.0,1.0,1.0,1.0,10.0,10.0,6.0,0.0,0.0,0
2.0899999999999994,2.180053333333332,2.180053333333332,2.0680820000000004,2.139499999999993,2.139499999999993,2.0,1.0,1.0,1.0,10.0,10.0,6.0,0.0,0.0,0
2.099999999999999,2.2014999999999985,2.2014999999999985,2.0881330000000005,2.149999999999993,2.149999999999993,2.0,1.0,1.0,1.0,10.0,10.0,6.0,0.0,0.0,0
2.109999999999999,2.223051666666665,2.223051666666665,2.1081840000000005,2.1604999999999928,2.1604999999999928,2.0,1.0,1.0,1.0,10.0,10.0,6.0,0.0,0.0,0
2.1199999999999988,2.2447083333333313,2.2447083333333313,2.1282350000000005,2.1709999999999927,2.1709999999999927,2.0,1.0,1.0,1.0,10.0,10.0,6.0,0.0,0.0,0
2.1299999999999986,2.2664699999999978,2.2664699999999978,2.1482860000000006,2.1814999999999927,2.1814999999999927,2.0,1.0,1.0,1.0,10.0,10.0,6.0,0.0,0.0,0
2.1399999999999983,2.2883366666666642,2.2883366666666642,2.1683370000000006,2.1919999999999926,2.1919999999999926,2.0,1.0,1.0,1.0,10.0,10.0,6.0,0.0,0.0,0
2.149999999999998,2.3103083333333303,2.3103083333333303,2.1883880000000007,2.2024999999999926,2.2024999999999926,2.0,1.0,1.0,1.0,10.0,10.0,6.0,0.0,0.0,0
2.159999999999998,2.3323849999999964,2.3323849999999964,2.2084390000000007,2.2129999999999925,2.2129999999999925,2.0,1.0,1.0,1.0,10.0,10.0,6.0,0.0,0.0,0
2.1699999999999977,2.3545666666666625,2.3545666666666625,2.2284900000000007,2.2234999999999925,2.2234999999999925,2.0,1.0,1.0,1.0,10.0,10.0,6.0,0.0,0.0,0
2.1799999999999975,2.3768533333333286,2.3768533333333286,2.248541000000001,2.2339999999999924,2.2339999999999924,2.0,1.0,1.0,1.0,10.0,10.0,6.0,0.0,0.0,0
2.1899999999999973,2.3992449999999947,2.3992449999999947,2.268592000000001,2.2444999999999924,2.2444999999999924,2.0,1.0,1.0,1.0,10.0,10.0,6.0,0.0,0.0,0
2.199999999999997,2.421741666666661,2.421741666666661,2.288643000000001,2.2549999999999923,2.2549999999999923,2.0,1.0,1.0,1.0,10.0,10.0,6.0,0.0,0.0,0
2.209999999999997,2.444343333333327,2.444343333333327,2.308694000000001,2.2654999999999923,2.2654999999999923,2.0,1.0,1.0,1.0,10.0,10.0,6.0,0.0,0.0,0
2.2199999999999966,2.4670499999999933,2.4670499999999933,2.328745000000001,2.2759999999999923,2.2759999999999923,2.0,1.0,1.0,1.0,10.0,10.0,6.0,0.0,0.0,0
2.2299999999999964,2.4898616666666595,2.4898616666666595,2.348796000000001,2.286499999999992,2.286499999999992,2.0,1.0,1.0,1.0,10.0,10.0,6.0,0.0,0.0,0
2.239999999999996,2.512778333333326,2.512778333333326,2.368847000000001,2.296999999999992,2.296999999999992,2.0,1.0,1.0,1.0,10.0,10.0,6.0,0.0,0.0,0
2.249999999999996,2.535799999999992,2.535799999999992,2.388898000000001,2.307499999999992,2.307499999999992,2.0,1.0,1.0,1.0,10.0,10.0,6.0,0.0,0.0,0
2.259999999999996,2.5589266666666584,2.5589266666666584,2.408949000000001,2.317999999999992,2.317999999999992,2.0,1.0,1.0,1.0,10.0,10.0,6.0,0.0,0.0,0
2.2699999999999956,2.5821583333333247,2.5821583333333247,2.429000000000001,2.328499999999992,2.328499999999992,2.0,1.0,1.0,1.0,10.0,10.0,6.0,0.0,0.0,0
2.2799999999999954,2.605494999999991,2.605494999999991,2.449051000000001,2.338999999999992,2.338999999999992,2.0,1.0,1.0,1.0,10.0,10.0,6.0,0.0,0.0,0
2.289999999999995,2.6289366666666574,2.6289366666666574,2.4691020000000012,2.349499999999992,2.349499999999992,2.0,1.0,1.0,1.0,10.0,10.0,6.0,0.0,0.0,0
2.299999999999995,2.6524833333333238,2.6524833333333238,2.4891530000000013,2.359999999999992,2.359999999999992,2.0,1.0,1.0,1.0,10.0,10.0,6.0,0.0,0.0,0
2.3099999999999947,2.67613499999999,2.67613499999999,2.5092040000000013,2.370499999999992,2.370499999999992,2.0,1.0,1.0,1.0,10.0,10.0,6.0,0.0,0.0,0
2.3199999999999945,2.6998916666666566,2.6998916666666566,2.5292550000000014,2.380999999999992,2.380999999999992,2.0,1.0,1.0,1.0,10.0,10.0,6.0,0.0,0.0,0
2.3299999999999943,2.723753333333323,2.723753333333323,2.5493060000000014,2.3914999999999917,2.3914999999999917,2.0,1.0,1.0,1.0,10.0,10.0,6.0,0.0,0.0,0
2.339999999999994,2.7477199999999895,2.7477199999999895,2.5693570000000014,2.4019999999999917,2.4019999999999917,2.0,1.0,1.0,1.0,10.0,10.0,6.0,0.0,0.0,0
2.349999999999994,2.7717916666666556,2.7717916666666556,2.5894080000000015,2.4124999999999917,2.4124999999999917,2.0,1.0,1.0,1.0,10.0,10.0,6.0,0.0,0.0,0
2.3599999999999937,2.7959683333333216,2.7959683333333216,2.6094590000000015,2.4229999999999916,2.4229999999999916,2.0,1.0,1.0,1.0,10.0,10.0,6.0,0.0,0.0,0
2.3699999999999934,2.8202499999999877,2.8202499999999877,2.6295100000000016,2.4334999999999916,2.4334999999999916,2.0,1.0,1.0,1.0,10.0,10.0,6.0,0.0,0.0,0
2.3799999999999932,2.844636666666654,2.844636666666654,2.6495610000000016,2.4439999999999915,2.4439999999999915,2.0,1.0,1.0,1.0,10.0,10.0,6.0,0.0,0.0,0
2.389999999999993,2.86912833333332,2.86912833333332,2.6696120000000017,2.4544999999999915,2.4544999999999915,2.0,1.0,1.0,1.0,10.0,10.0,6.0,0.0,0.0,0
2.399999999999993,2.893724999999986,2.893724999999986,2.6896630000000017,2.4649999999999914,2.4649999999999914,2.0,1.0,1.0,1.0,10.0,10.0,6.0,0.0,0.0,0
2.4099999999999926,2.9184266666666523,2.9184266666666523,2.7097140000000017,2.4754999999999914,2.4754999999999914,2.0,1.0,1.0,1.0,10.0,10.0,6.0,0.0,0.0,0
2.4199999999999924,2.9432333333333185,2.9432333333333185,2.7297650000000018,2.4859999999999913,2.4859999999999913,2.0,1.0,1.0,1.0,10.0,10.0,6.0,0.0,0.0,0
2.429999999999992,2.9681449999999847,2.9681449999999847,2.749816000000002,2.4964999999999913,2.4964999999999913,2.0,1.0,1.0,1.0,10.0,10.0,6.0,0.0,0.0,0
2.439999999999992,2.993161666666651,2.993161666666651,2.769867000000002,2.5069999999999912,2.5069999999999912,2.0,1.0,1.0,1.0,10.0,10.0,6.0,0.0,0.0,0
2.4499999999999917,3.018283333333317,3.018283333333317,2.789918000000002,2.517499999999991,2.517499999999991,2.0,1.0,1.0,1.0,10.0,10.0,6.0,0.0,0.0,0
2.4599999999999915,3.0435099999999835,3.0435099999999835,2.809969000000002,2.527999999999991,2.527999999999991,2.0,1.0,1.0,1.0,10.0,10.0,6.0,0.0,0.0,0
2.4699999999999913,3.06884166666665,3.06884166666665,2.830020000000002,2.538499999999991,2.538499999999991,2.0,1.0,1.0,1.0,10.0,10.0,6.0,0.0,0.0,0
2.479999999999991,3.094278333333316,3.094278333333316,2.850071000000002,2.548999999999991,2.548999999999991,2.0,1.0,1.0,1.0,10.0,10.0,6.0,0.0,0.0,0
2.489999999999991,3.1198199999999825,3.1198199999999825,2.870122000000002,2.559499999999991,2.559499999999991,2.0,1.0,1.0,1.0,10.0,10.0,6.0,0.0,0.0,0
2.4999999999999907,3.145466666666649,3.145466666666649,2.890173000000002,2.569999999999991,2.569999999999991,2.0,1.0,1.0,1.0,10.0,10.0,6.0,0.0,0.0,0
2.5099999999999905,3.1712183333333153,3.1712183333333153,2.910224000000002,2.580499999999991,2.580499999999991,2.0,1.0,1.0,1.0,10.0,10.0,6.0,0.0,0.0,0
2.5199999999999902,3.1970749999999817,3.1970749999999817,2.930275000000002,2.590999999999991,2.590999999999991,2.0,1.0,1.0,1.0,10.0,10.0,6.0,0.0,0.0,0
2.52999999999999,3.223036666666648,3.223036666666648,2.9503260000000022,2.601499999999991,2.601499999999991,2.0,1.0,1.0,1.0,10.0,10.0,6.0,0.0,0.0,0
2.53999999999999,3.2491033333333146,3.2491033333333146,2.9703770000000023,2.6119999999999908,2.6119999999999908,2.0,1.0,1.0,1.0,10.0,10.0,6.0,0.0,0.0,0
2.5499999999999896,3.2752749999999806,3.2752749999999806,2.9904280000000023,2.6224999999999907,2.6224999999999907,2.0,1.0,1.0,1.0,10.0,10.0,6.0,0.0,0.0,0
2.5599999999999894,3.3015516666666467,3.3015516666666467,3.0104790000000023,2.6329999999999907,2.6329999999999907,2.0,1.0,1.0,1.0,10.0,10.0,6.0,0.0,0.0,0
2.569999999999989,3.3279333333333128,3.3279333333333128,3.0305300000000024,2.6434999999999906,2.6434999999999906,2.0,1.0,1.0,1.0,10.0,10.0,6.0,0.0,0.0,0
2.579999999999989,3.354419999999979,3.354419999999979,3.0505810000000024,2.6539999999999906,2.6539999999999906,2.0,1.0,1.0,1.0,10.0,10.0,6.0,0.0,0.0,0
2.5899999999999888,3.381011666666645,3.381011666666645,3.0706320000000025,2.6644999999999905,2.6644999999999905,2.0,1.0,1.0,1.0,10.0,10.0,6.0,0.0,0.0,0
2.5999999999999885,3.407708333333311,3.407708333333311,3.0906830000000025,2.6749999999999905,2.6749999999999905,2.0,1.0,1.0,1.0,10.0,10.0,6.0,0.0,0.0,0
2.6099999999999883,3.4345099999999773,3.4345099999999773,3.1107340000000026,2.6854999999999905,2.6854999999999905,2.0,1.0,1.0,1.0,10.0,10.0,6.0,0.0,0.0,0
2.619999999999988,3.4614166666666435,3.4614166666666435,3.1307850000000026,2.6959999999999904,2.6959999999999904,2.0,1.0,1.0,1.0,10.0,10.0,6.0,0.0,0.0,0
2.629999999999988,3.4884283333333097,3.4884283333333097,3.1508360000000026,2.7064999999999904,2.7064999999999904,2.0,1.0,1.0,1.0,10.0,10.0,6.0,0.0,0.0,0
2.6399999999999877,3.515544999999976,3.515544999999976,3.1708870000000027,2.7169999999999903,2.7169999999999903,2.0,1.0,1.0,1.0,10.0,10.0,6.0,0.0,0.0,0
2.6499999999999875,3.542766666666642,3.542766666666642,3.1909380000000027,2.7274999999999903,2.7274999999999903,2.0,1.0,1.0,1.0,10.0,10.0,6.0,0.0,0.0,0
2.6599999999999873,3.5700933333333085,3.5700933333333085,3.2109890000000028,2.73799999999999,2.73799999999999,2.0,1.0,1.0,1.0,10.0,10.0,6.0,0.0,0.0,0
2.669999999999987,3.5975249999999748,3.5975249999999748,3.231040000000003,2.74849999999999,2.74849999999999,2.0,1.0,1.0,1.0,10.0,10.0,6.0,0.0,0.0,0
2.679999999999987,3.625061666666641,3.625061666666641,3.251091000000003,2.75899999999999,2.75899999999999,2.0,1.0,1.0,1.0,10.0,10.0,6.0,0.0,0.0,0
2.6899999999999866,3.6527033333333074,3.6527033333333074,3.271142000000003,2.76949999999999,2.76949999999999,2.0,1.0,1.0,1.0,10.0,10.0,6.0,0.0,0.0,0
2.6999999999999864,3.680449999999974,3.680449999999974,3.291193000000003,2.77999999999999,2.77999999999999,2.0,1.0,1.0,1.0,10.0,10.0,6.0,0.0,0.0,0
2.709999999999986,3.70830166666664,3.70830166666664,3.311244000000003,2.79049999999999,2.79049999999999,2.0,1.0,1.0,1.0,10.0,10.0,6.0,0.0,0.0,0
2.719999999999986,3.7362583333333066,3.7362583333333066,3.331295000000003,2.80099999999999,2.80099999999999,2.0,1.0,1.0,1.0,10.0,10.0,6.0,0.0,0.0,0
2.7299999999999858,3.764319999999973,3.764319999999973,3.351346000000003,2.81149999999999,2.81149999999999,2.0,1.0,1.0,1.0,10.0,10.0,6.0,0.0,0.0,0
2.7399999999999856,3.7924866666666395,3.7924866666666395,3.371397000000003,2.82199999999999,2.82199999999999,2.0,1.0,1.0,1.0,10.0,10.0,6.0,0.0,0.0,0
2.7499999999999853,3.8207583333333055,3.8207583333333055,3.391448000000003,2.83249999999999,2.83249999999999,2.0,1.0,1.0,1.0,10.0,10.0,6.0,0.0,0.0,0
2.759999999999985,3.8491349999999716,3.8491349999999716,3.411499000000003,2.8429999999999898,2.8429999999999898,2.0,1.0,1.0,1.0,10.0,10.0,6.0,0.0,0.0,0
2.769999999999985,3.8776166666666376,3.8776166666666376,3.431550000000003,2.8534999999999897,2.8534999999999897,2.0,1.0,1.0,1.0,10.0,10.0,6.0,0.0,0.0,0
2.7799999999999847,3.9062033333333037,3.9062033333333037,3.4516010000000032,2.8639999999999897,2.8639999999999897,2.0,1.0,1.0,1.0,10.0,10.0,6.0,0.0,0.0,0
2.7899999999999845,3.93489499999997,3.93489499999997,3.4716520000000033,2.8744999999999896,2.8744999999999896,2.0,1.0,1.0,1.0,10.0,10.0,6.0,0.0,0.0,0
2.7999999999999843,3.963691666666636,3.963691666666636,3.4917030000000033,2.8849999999999896,2.8849999999999896,2.0,1.0,1.0,1.0,10.0,10.0,6.0,0.0,0.0,0
2.809999999999984,3.992593333333302,3.992593333333302,3.5117540000000034,2.8954999999999895,2.8954999999999895,2.0,1.0,1.0,1.0,10.0,10.0,6.0,0.0,0.0,0
2.819999999999984,4.021599999999969,4.021599999999969,3.5318050000000034,2.9059999999999895,2.9059999999999895,2.0,1.0,1.0,1.0,10.0,10.0,6.0,0.0,0.0,0
2.8299999999999836,4.050711666666636,4.050711666666636,3.5518560000000035,2.9164999999999894,2.9164999999999894,2.0,1.0,1.0,1.0,10.0,10.0,6.0,0.0,0.0,0
2.8399999999999834,4.079928333333303,4.079928333333303,3.5719070000000035,2.9269999999999894,2.9269999999999894,2.0,1.0,1.0,1.0,10.0,10.0,6.0,0.0,0.0,0
2.849999999999983,4.109249999999969,4.109249999999969,3.5919580000000035,2.9374999999999893,2.9374999999999893,2.0,1.0,1.0,1.0,10.0,10.0,6.0,0.0,0.0,0
2.859999999999983,4.138676666666636,4.138676666666636,3.6120090000000036,2.9479999999999893,2.9479999999999893,2.0,1.0,1.0,1.0,10.0,10.0,6.0,0.0,0.0,0
2.869999999999983,4.168208333333302,4.168208333333302,3.6320600000000036,2.9584999999999892,2.9584999999999892,2.0,1.0,1.0,1.0,10.0,10.0,6.0,0.0,0.0,0
2.8799999999999826,4.197844999999969,4.197844999999969,3.6521110000000037,2.968999999999989,2.968999999999989,2.0,1.0,1.0,1.0,10.0,10.0,6.0,0.0,0.0,0
2.8899999999999824,4.227586666666635,4.227586666666635,3.6721620000000037,2.979499999999989,2.979499999999989,2.0,1.0,1.0,1.0,10.0,10.0,6.0,0.0,0.0,0
2.899999999999982,4.257433333333302,4.257433333333302,3.6922130000000037,2.989999999999989,2.989999999999989,2.0,1.0,1.0,1.0,10.0,10.0,6.0,0.0,0.0,0
2.909999999999982,4.2873849999999685,4.2873849999999685,3.712264000000004,3.000499999999989,3.000499999999989,2.0,1.0,1.0,1.0,10.0,10.0,6.0,0.0,0.0,0
2.9199999999999817,4.317441666666635,4.317441666666635,3.732315000000004,3.010999999999989,3.010999999999989,2.0,1.0,1.0,1.0,10.0,10.0,6.0,0.0,0.0,0
2.9299999999999815,4.347603333333302,4.347603333333302,3.752366000000004,3.021499999999989,3.021499999999989,2.0,1.0,1.0,1.0,10.0,10.0,6.0,0.0,0.0,0
2.9399999999999813,4.377869999999969,4.377869999999969,3.772417000000004,3.031999999999989,3.031999999999989,2.0,1.0,1.0,1.0,10.0,10.0,6.0,0.0,0.0,0
2.949999999999981,4.408241666666635,4.408241666666635,3.792468000000004,3.042499999999989,3.042499999999989,2.0,1.0,1.0,1.0,10.0,10.0,6.0,0.0,0.0,0
2.959999999999981,4.438718333333302,4.438718333333302,3.812519000000004,3.052999999999989,3.052999999999989,2.0,1.0,1.0,1.0,10.0,10.0,6.0,0.0,0.0,0
2.9699999999999807,4.4692999999999685,4.4692999999999685,3.832570000000004,3.063499999999989,3.063499999999989,2.0,1.0,1.0,1.0,10.0,10.0,6.0,0.0,0.0,0
2.9799999999999804,4.4999866666666355,4.4999866666666355,3.852621000000004,3.0739999999999887,3.0739999999999887,2.0,1.0,1.0,1.0,10.0,10.0,6.0,0.0,0.0,0
2.9899999999999802,4.530778333333302,4.530778333333302,3.872672000000004,3.0844999999999887,3.0844999999999887,2.0,1.0,1.0,1.0,10.0,10.0,6.0,0.0,0.0,0
2.99999999999998,4.561674999999969,4.561674999999969,3.892723000000004,3.0949999999999886,3.0949999999999886,2.0,1.0,1.0,1.0,10.0,10.0,6.0,0.0,0.0,0
3.00999999999998,4.592676666666636,4.592676666666636,3.912774000000004,3.1054999999999886,3.1054999999999886,2.0,1.0,1.0,1.0,10.0,10.0,6.0,0.0,0.0,0
3.0199999999999796,4.623783333333303,4.623783333333303,3.9328250000000042,3.1159999999999886,3.1159999999999886,2.0,1.0,1.0,1.0,10.0,10.0,6.0,0.0,0.0,0
3.0299999999999794,4.654994999999969,4.654994999999969,3.9528760000000043,3.1264999999999885,3.1264999999999885,2.0,1.0,1.0,1.0,10.0,10.0,6.0,0.0,0.0,0
3.039999999999979,4.6863116666666365,4.6863116666666365,3.9729270000000043,3.1369999999999885,3.1369999999999885,2.0,1.0,1.0,1.0,10.0,10.0,6.0,0.0,0.0,0
3.049999999999979,4.717733333333303,4.717733333333303,3.9929780000000044,3.1474999999999884,3.1474999999999884,2.0,1.0,1.0,1.0,10.0,10.0,6.0,0.0,0.0,0
3.0599999999999787,4.749259999999969,4.749259999999969,4.013029000000004,3.1579999999999884,3.1579999999999884,2.0,1.0,1.0,1.0,10.0,10.0,6.0,0.0,0.0,0
3.0699999999999785,4.780891666666636,4.780891666666636,4.0330800000000036,3.1684999999999883,3.1684999999999883,2.0,1.0,1.0,1.0,10.0,10.0,6.0,0.0,0.0,0
3.0799999999999783,4.812628333333302,4.812628333333302,4.053131000000003,3.1789999999999883,3.1789999999999883,2.0,1.0,1.0,1.0,10.0,10.0,6.0,0.0,0.0,0
3.089999999999978,4.844469999999969,4.844469999999969,4.073182000000003,3.1894999999999882,3.1894999999999882,2.0,1.0,1.0,1.0,10.0,10.0,6.0,0.0,0.0,0
3.099999999999978,4.8764166666666355,4.8764166666666355,4.093233000000002,3.199999999999988,3.199999999999988,2.0,1.0,1.0,1.0,10.0,10.0,6.0,0.0,0.0,0
3.1099999999999777,4.908468333333302,4.908468333333302,4.113284000000002,3.210499999999988,3.210499999999988,2.0,1.0,1.0,1.0,10.0,10.0,6.0,0.0,0.0,0
3.1199999999999775,4.940624999999969,4.940624999999969,4.1333350000000015,3.220999999999988,3.220999999999988,2.0,1.0,1.0,1.0,10.0,10.0,6.0,0.0,0.0,0
3.1299999999999772,4.972886666666636,4.972886666666636,4.153386000000001,3.231499999999988,3.231499999999988,2.0,1.0,1.0,1.0,10.0,10.0,6.0,0.0,0.0,0
3.139999999999977,5.005253333333302,5.005253333333302,4.173437000000001,3.241999999999988,3.241999999999988,2.0,1.0,1.0,1.0,10.0,10.0,6.0,0.0,0.0,0
3.149999999999977,5.037724999999969,5.037724999999969,4.193488,3.252499999999988,3.252499999999988,2.0,1.0,1.0,1.0,10.0,10.0,6.0,0.0,0.0,0
3.1599999999999766,5.070301666666635,5.070301666666635,4.213539,3.262999999999988,3.262999999999988,2.0,1.0,1.0,1.0,10.0,10.0,6.0,0.0,0.0,0
3.1699999999999764,5.102983333333302,5.102983333333302,4.2335899999999995,3.273499999999988,3.273499999999988,2.0,1.0,1.0,1.0,10.0,10.0,6.0,0.0,0.0,0
3.179999999999976,5.135769999999969,5.135769999999969,4.253640999999999,3.283999999999988,3.283999999999988,2.0,1.0,1.0,1.0,10.0,10.0,6.0,0.0,0.0,0
3.189999999999976,5.168661666666636,5.168661666666636,4.273691999999999,3.2944999999999878,3.2944999999999878,2.0,1.0,1.0,1.0,10.0,10.0,6.0,0.0,0.0,0
3.1999999999999758,5.201658333333302,5.201658333333302,4.293742999999998,3.3049999999999877,3.3049999999999877,2.0,1.0,1.0,1.0,10.0,10.0,6.0,0.0,0.0,0
3.2099999999999755,5.234759999999969,5.234759999999969,4.313793999999998,3.3154999999999877,3.3154999999999877,2.0,1.0,1.0,1.0,10.0,10.0,6.0,0.0,0.0,0
3.2199999999999753,5.267966666666636,5.267966666666636,4.3338449999999975,3.3259999999999876,3.3259999999999876,2.0,1.0,1.0,1.0,10.0,10.0,6.0,0.0,0.0,0
3.229999999999975,5.301278333333303,5.301278333333303,4.353895999999997,3.3364999999999876,3.3364999999999876,2.0,1.0,1.0,1.0,10.0,10.0,6.0,0.0,0.0,0
3.239999999999975,5.33469499999997,5.33469499999997,4.373946999999997,3.3469999999999875,3.3469999999999875,2.0,1.0,1.0,1.0,10.0,10.0,6.0,0.0,0.0,0
3.2499999999999747,5.368216666666636,5.368216666666636,4.393997999999996,3.3574999999999875,3.3574999999999875,2.0,1.0,1.0,1.0,10.0,10.0,6.0,0.0,0.0,0
3.2599999999999745,5.401843333333303,5.401843333333303,4.414048999999996,3.3679999999999874,3.3679999999999874,2.0,1.0,1.0,1.0,10.0,10.0,6.0,0.0,0.0,0
3.2699999999999743,5.435574999999969,5.435574999999969,4.4340999999999955,3.3784999999999874,3.3784999999999874,2.0,1.0,1.0,1.0,10.0,10.0,6.0,0.0,0.0,0
3.279999999999974,5.469411666666636,5.469411666666636,4.454150999999995,3.3889999999999874,3.3889999999999874,2.0,1.0,1.0,1.0,10.0,10.0,6.0,0.0,0.0,0
3.289999999999974,5.503353333333302,5.503353333333302,4.474201999999995,3.3994999999999873,3.3994999999999873,2.0,1.0,1.0,1.0,10.0,10.0,6.0,0.0,0.0,0
3.2999999999999736,5.537399999999969,5.537399999999969,4.494252999999994,3.4099999999999873,3.4099999999999873,2.0,1.0,1.0,1.0,10.0,10.0,6.0,0.0,0.0,0
3.3099999999999734,5.571551666666635,5.571551666666635,4.514303999999994,3.420499999999987,3.420499999999987,2.0,1.0,1.0,1.0,10.0,10.0,6.0,0.0,0.0,0
3.319999999999973,5.605808333333302,5.605808333333302,4.5343549999999935,3.430999999999987,3.430999999999987,2.0,1.0,1.0,1.0,10.0,10.0,6.0,0.0,0.0,0
3.329999999999973,5.640169999999968,5.640169999999968,4.554405999999993,3.441499999999987,3.441499999999987,2.0,1.0,1.0,1.0,10.0,10.0,6.0,0.0,0.0,0
3.3399999999999728,5.674636666666635,5.674636666666635,4.574456999999993,3.451999999999987,3.451999999999987,2.0,1.0,1.0,1.0,10.0,10.0,6.0,0.0,0.0,0
3.3499999999999726,5.709208333333302,5.709208333333302,4.594507999999992,3.462499999999987,3.462499999999987,2.0,1.0,1.0,1.0,10.0,10.0,6.0,0.0,0.0,0
3.3599999999999723,5.743884999999969,5.743884999999969,4.614558999999992,3.472999999999987,3.472999999999987,2.0,1.0,1.0,1.0,10.0,10.0,6.0,0.0,0.0,0
3.369999999999972,5.778666666666635,5.778666666666635,4.6346099999999915,3.483499999999987,3.483499999999987,2.0,1.0,1.0,1.0,10.0,10.0,6.0,0.0,0.0,0
3.379999999999972,5.813553333333302,5.813553333333302,4.654660999999991,3.493999999999987,3.493999999999987,2.0,1.0,1.0,1.0,10.0,10.0,6.0,0.0,0.0,0
3.3899999999999717,5.848544999999969,5.848544999999969,4.674711999999991,3.504499999999987,3.504499999999987,2.0,1.0,1.0,1.0,10.0,10.0,6.0,0.0,0.0,0
3.3999999999999715,5.883641666666636,5.883641666666636,4.69476299999999,3.514999999999987,3.514999999999987,2.0,1.0,1.0,1.0,10.0,10.0,6.0,0.0,0.0,0
3.4099999999999713,5.918843333333302,5.918843333333302,4.71481399999999,3.5254999999999868,3.5254999999999868,2.0,1.0,1.0,1.0,10.0,10.0,6.0,0.0,0.0,0
3.419999999999971,5.954149999999969,5.954149999999969,4.734864999999989,3.5359999999999867,3.5359999999999867,2.0,1.0,1.0,1.0,10.0,10.0,6.0,0.0,0.0,0
3.429999999999971,5.989561666666636,5.989561666666636,4.754915999999989,3.5464999999999867,3.5464999999999867,2.0,1.0,1.0,1.0,10.0,10.0,6.0,0.0,0.0,0
3.4399999999999706,6.025078333333303,6.025078333333303,4.774966999999989,3.5569999999999866,3.5569999999999866,2.0,1.0,1.0,1.0,10.0,10.0,6.0,0.0,0.0,0
3.4499999999999704,6.06069999999997,6.06069999999997,4.795017999999988,3.5674999999999866,3.5674999999999866,2.0,1.0,1.0,1.0,10.0,10.0,6.0,0.0,0.0,0
3.45999999999997,6.096426666666636,6.096426666666636,4.815068999999988,3.5779999999999865,3.5779999999999865,2.0,1.0,1.0,1.0,10.0,10.0,6.0,0.0,0.0,0
3.46999999999997,6.1322583333333025,6.1322583333333025,4.835119999999987,3.5884999999999865,3.5884999999999865,2.0,1.0,1.0,1.0,10.0,10.0,6.0,0.0,0.0,0
3.47999999999997,6.168194999999969,6.168194999999969,4.855170999999987,3.5989999999999864,3.5989999999999864,2.0,1.0,1.0,1.0,10.0,10.0,6.0,0.0,0.0,0
3.4899999999999696,6.2042366666666355,6.2042366666666355,4.875221999999987,3.6094999999999864,3.6094999999999864,2.0,1.0,1.0,1.0,10.0,10.0,6.0,0.0,0.0,0
3.4999999999999694,6.240383333333302,6.240383333333302,4.895272999999986,3.6199999999999863,3.6199999999999863,2.0,1.0,1.0,1.0,10.0,10.0,6.0,0.0,0.0,0
3.509999999999969,6.276634999999969,6.276634999999969,4.915323999999986,3.6304999999999863,3.6304999999999863,2.0,1.0,1.0,1.0,10.0,10.0,6.0,0.0,0.0,0
3.519999999999969,6.312991666666635,6.312991666666635,4.935374999999985,3.6409999999999862,3.6409999999999862,2.0,1.0,1.0,1.0,10.0,10.0,6.0,0.0,0.0,0
3.5299999999999687,6.349453333333302,6.349453333333302,4.955425999999985,3.651499999999986,3.651499999999986,2.0,1.0,1.0,1.0,10.0,10.0,6.0,0.0,0.0,0
3.5399999999999685,6.386019999999968,6.386019999999968,4.975476999999985,3.661999999999986,3.661999999999986,2.0,1.0,1.0,1.0,10.0,10.0,6.0,0.0,0.0,0
3.5499999999999683,6.422691666666635,6.422691666666635,4.995527999999984,3.672499999999986,3.672499999999986,2.0,1.0,1.0,1.0,10.0,10.0,6.0,0.0,0.0,0
3.559999999999968,6.459468333333302,6.459468333333302,5.015578999999984,3.682999999999986,3.682999999999986,2.0,1.0,1.0,1.0,10.0,10.0,6.0,0.0,0.0,0
3.569999999999968,6.4963499999999685,6.4963499999999685,5.035629999999983,3.693499999999986,3.693499999999986,2.0,1.0,1.0,1.0,10.0,10.0,6.0,0.0,0.0,0
3.5799999999999677,6.533336666666635,6.533336666666635,5.055680999999983,3.703999999999986,3.703999999999986,2.0,1.0,1.0,1.0,10.0,10.0,6.0,0.0,0.0,0
3.5899999999999674,6.570428333333302,6.570428333333302,5.075731999999983,3.714499999999986,3.714499999999986,2.0,1.0,1.0,1.0,10.0,10.0,6.0,0.0,0.0,0
3.5999999999999672,6.6076249999999686,6.6076249999999686,5.095782999999982,3.724999999999986,3.724999999999986,2.0,1.0,1.0,1.0,10.0,10.0,6.0,0.0,0.0,0
3.609999999999967,6.644926666666636,6.644926666666636,5.115833999999982,3.735499999999986,3.735499999999986,2.0,1.0,1.0,1.0,10.0,10.0,6.0,0.0,0.0,0
3.619999999999967,6.682333333333302,6.682333333333302,5.135884999999981,3.745999999999986,3.745999999999986,2.0,1.0,1.0,1.0,10.0,10.0,6.0,0.0,0.0,0
3.6299999999999666,6.719844999999969,6.719844999999969,5.155935999999981,3.7564999999999857,3.7564999999999857,2.0,1.0,1.0,1.0,10.0,10.0,6.0,0.0,0.0,0
3.6399999999999664,6.757461666666636,6.757461666666636,5.175986999999981,3.7669999999999857,3.7669999999999857,2.0,1.0,1.0,1.0,10.0,10.0,6.0,0.0,0.0,0
3.649999999999966,6.795183333333302,6.795183333333302,5.19603799999998,3.7774999999999856,3.7774999999999856,2.0,1.0,1.0,1.0,10.0,10.0,6.0,0.0,0.0,0
3.659999999999966,6.833009999999969,6.833009999999969,5.21608899999998,3.7879999999999856,3.7879999999999856,2.0,1.0,1.0,1.0,10.0,10.0,6.0,0.0,0.0,0
3.6699999999999657,6.870941666666635,6.870941666666635,5.236139999999979,3.7984999999999856,3.7984999999999856,2.0,1.0,1.0,1.0,10.0,10.0,6.0,0.0,0.0,0
3.6799999999999655,6.908978333333302,6.908978333333302,5.256190999999979,3.8089999999999855,3.8089999999999855,2.0,1.0,1.0,1.0,10.0,10.0,6.0,0.0,0.0,0
3.6899999999999653,6.947119999999968,6.947119999999968,5.276241999999979,3.8194999999999855,3.8194999999999855,2.0,1.0,1.0,1.0,10.0,10.0,6.0,0.0,0.0,0
3.699999999999965,6.985366666666635,6.985366666666635,5.296292999999978,3.8299999999999854,3.8299999999999854,2.0,1.0,1.0,1.0,10.0,10.0,6.0,0.0,0.0,0
3.709999999999965,7.023718333333301,7.023718333333301,5.316343999999978,3.8404999999999854,3.8404999999999854,2.0,1.0,1.0,1.0,10.0,10.0,6.0,0.0,0.0,0
3.7199999999999647,7.062174999999968,7.062174999999968,5.336394999999977,3.8509999999999853,3.8509999999999853,2.0,1.0,1.0,1.0,10.0,10.0,6.0,0.0,0.0,0
3.7299999999999645,7.100736666666634,7.100736666666634,5.356445999999977,3.8614999999999853,3.8614999999999853,2.0,1.0,1.0,1.0,10.0,10.0,6.0,0.0,0.0,0
3.7399999999999642,7.139403333333301,7.139403333333301,5.3764969999999765,3.8719999999999852,3.8719999999999852,2.0,1.0,1.0,1.0,10.0,10.0,6.0,0.0,0.0,0
3.749999999999964,7.1781749999999676,7.1781749999999676,5.396547999999976,3.882499999999985,3.882499999999985,2.0,1.0,1.0,1.0,10.0,10.0,6.0,0.0,0.0,0
3.759999999999964,7.2170516666666344,7.2170516666666344,5.416598999999976,3.892999999999985,3.892999999999985,2.0,1.0,1.0,1.0,10.0,10.0,6.0,0.0,0.0,0
3.7699999999999636,7.256033333333301,7.256033333333301,5.436649999999975,3.903499999999985,3.903499999999985,2.0,1.0,1.0,1.0,10.0,10.0,6.0,0.0,0.0,0
3.7799999999999634,7.295119999999968,7.295119999999968,5.456700999999975,3.913999999999985,3.913999999999985,2.0,1.0,1.0,1.0,10.0,10.0,6.0,0.0,0.0,0
3.789999999999963,7.334311666666634,7.334311666666634,5.4767519999999745,3.924499999999985,3.924499999999985,2.0,1.0,1.0,1.0,10.0,10.0,6.0,0.0,0.0,0
3.799999999999963,7.373608333333301,7.373608333333301,5.496802999999974,3.934999999999985,3.934999999999985,2.0,1.0,1.0,1.0,10.0,10.0,6.0,0.0,0.0,0
3.8099999999999627,7.413009999999968,7.413009999999968,5.516853999999974,3.945499999999985,3.945499999999985,2.0,1.0,1.0,1.0,10.0,10.0,6.0,0.0,0.0,0
3.8199999999999625,7.452516666666635,7.452516666666635,5.536904999999973,3.955999999999985,3.955999999999985,2.0,1.0,1.0,1.0,10.0,10.0,6.0,0.0,0.0,0
3.8299999999999623,7.4921283333333015,7.4921283333333015,5.556955999999973,3.966499999999985,3.966499999999985,2.0,1.0,1.0,1.0,10.0,10.0,6.0,0.0,0.0,0
3.839999999999962,7.531844999999969,7.531844999999969,5.5770069999999725,3.9769999999999848,3.9769999999999848,2.0,1.0,1.0,1.0,10.0,10.0,6.0,0.0,0.0,0
3.849999999999962,7.571666666666635,7.571666666666635,5.597057999999972,3.9874999999999847,3.9874999999999847,2.0,1.0,1.0,1.0,10.0,10.0,6.0,0.0,0.0,0
3.8599999999999617,7.6115933333333015,7.6115933333333015,5.617108999999972,3.9979999999999847,3.9979999999999847,2.0,1.0,1.0,1.0,10.0,10.0,6.0,0.0,0.0,0
3.8699999999999615,7.651624999999968,7.651624999999968,5.637159999999971,4.0,4.0,2.0,1.0,1.0,1.0,10.0,10.0,6.0,0.0,0.0,0
3.8799999999999613,7.691676666666635,7.691676666666635,5.657210999999971,4.0,4.0,2.0,1.0,1.0,1.0,10.0,10.0,6.0,0.0,0.0,0
3.889999999999961,7.731728333333302,7.731728333333302,5.6772619999999705,4.0,4.0,2.0,1.0,1.0,1.0,10.0,10.0,6.0,0.0,0.0,0
3.899999999999961,7.771779999999969,7.771779999999969,5.69731299999997,4.0,4.0,2.0,1.0,1.0,1.0,10.0,10.0,6.0,0.0,0.0,0
3.9099999999999606,7.811831666666635,7.811831666666635,5.71736399999997,4.0,4.0,2.0,1.0,1.0,1.0,10.0,10.0,6.0,0.0,0.0,0
3.9199999999999604,7.851883333333302,7.851883333333302,5.737414999999969,4.0,4.0,2.0,1.0,1.0,1.0,10.0,10.0,6.0,0.0,0.0,0
3.92999999999996,7.891934999999969,7.891934999999969,5.757465999999969,4.0,4.0,2.0,1.0,1.0,1.0,10.0,10.0,6.0,0.0,0.0,0
3.93999999999996,7.931986666666636,7.931986666666636,5.7775169999999685,4.0,4.0,2.0,1.0,1.0,1.0,10.0,10.0,6.0,0.0,0.0,0
3.9499999999999598,7.972038333333303,7.972038333333303,5.797567999999968,4.0,4.0,2.0,1.0,1.0,1.0,10.0,10.0,6.0,0.0,0.0,0
3.9599999999999596,8.012089999999969,8.012089999999969,5.817618999999968,4.0,4.0,2.0,1.0,1.0,1.0,10.0,10.0,6.0,0.0,0.0,0
3.9699999999999593,8.052141666666634,8.052141666666634,5.837669999999967,4.0,4.0,2.0,1.0,1.0,1.0,10.0,10.0,6.0,0.0,0.0,0
3.979999999999959,8.092193333333299,8.092193333333299,5.857720999999967,4.0,4.0,2.0,1.0,1.0,1.0,10.0,10.0,6.0,0.0,0.0,0
3.989999999999959,8.132244999999964,8.132244999999964,5.8777719999999665,4.0,4.0,2.0,1.0,1.0,1.0,10.0,10.0,6.0,0.0,0.0,0
3.9999999999999587,8.172296666666629,8.172296666666629,5.897822999999966,4.0,4.0,2.0,1.0,1.0,1.0,10.0,10.0,6.0,0.0,0.0,0
4.009999999999959,8.212348333333294,8.212348333333294,5.917873999999966,4.0,4.0,2.0,1.0,1.0,1.0,10.0,10.0,6.0,0.0,0.0,0
4.019999999999959,8.252399999999959,8.252399999999959,5.937924999999965,4.0,4.0,2.0,1.0,1.0,1.0,10.0,10.0,6.0,0.0,0.0,0
4.0299999999999585,8.292451666666624,8.292451666666624,5.957975999999965,4.0,4.0,2.0,1.0,1.0,1.0,10.0,10.0,6.0,0.0,0.0,0
4.039999999999958,8.332503333333289,8.332503333333289,5.9780269999999645,4.0,4.0,2.0,1.0,1.0,1.0,10.0,10.0,6.0,0.0,0.0,0
4.049999999999958,8.372554999999954,8.372554999999954,5.998077999999964,4.0,4.0,2.0,1.0,1.0,1.0,10.0,10.0,6.0,0.0,0.0,0
4.059999999999958,8.412606666666619,8.412606666666619,6.018128999999964,4.0,4.0,2.0,1.0,1.0,1.0,10.0,10.0,6.0,0.0,0.0,0
4.069999999999958,8.452658333333284,8.452658333333284,6.038179999999963,4.0,4.0,2.0,1.0,1.0,1.0,10.0,10.0,6.0,0.0,0.0,0
4.079999999999957,8.49270999999995,8.49270999999995,6.058230999999963,4.0,4.0,2.0,1.0,1.0,1.0,10.0,10.0,6.0,0.0,0.0,0
4.089999999999957,8.532761666666614,8.532761666666614,6.078281999999962,4.0,4.0,2.0,1.0,1.0,1.0,10.0,10.0,6.0,0.0,0.0,0
4.099999999999957,8.57281333333328,8.57281333333328,6.098332999999962,4.0,4.0,2.0,1.0,1.0,1.0,10.0,10.0,6.0,0.0,0.0,0
4.109999999999957,8.612864999999944,8.612864999999944,6.118383999999962,4.0,4.0,2.0,1.0,1.0,1.0,10.0,10.0,6.0,0.0,0.0,0
4.119999999999957,8.65291666666661,8.65291666666661,6.138434999999961,4.0,4.0,2.0,1.0,1.0,1.0,10.0,10.0,6.0,0.0,0.0,0
4.129999999999956,8.692968333333274,8.692968333333274,6.158485999999961,4.0,4.0,2.0,1.0,1.0,1.0,10.0,10.0,6.0,0.0,0.0,0
4.139999999999956,8.73301999999994,8.73301999999994,6.17853699999996,4.0,4.0,2.0,1.0,1.0,1.0,10.0,10.0,6.0,0.0,0.0,0
4.149999999999956,8.773071666666604,8.773071666666604,6.19858799999996,4.0,4.0,2.0,1.0,1.0,1.0,10.0,10.0,6.0,0.0,0.0,0
4.159999999999956,8.81312333333327,8.81312333333327,6.21863899999996,4.0,4.0,2.0,1.0,1.0,1.0,10.0,10.0,6.0,0.0,0.0,0
4.1699999999999555,8.853174999999935,8.853174999999935,6.238689999999959,4.0,4.0,2.0,1.0,1.0,1.0,10.0,10.0,6.0,0.0,0.0,0
4.179999999999955,8.8932266666666,8.8932266666666,6.258740999999959,4.0,4.0,2.0,1.0,1.0,1.0,10.0,10.0,6.0,0.0,0.0,0
4.189999999999955,8.933278333333265,8.933278333333265,6.278791999999958,4.0,4.0,2.0,1.0,1.0,1.0,10.0,10.0,6.0,0.0,0.0,0
4.199999999999955,8.97332999999993,8.97332999999993,6.298842999999958,4.0,4.0,2.0,1.0,1.0,1.0,10.0,10.0,6.0,0.0,0.0,0
4.209999999999955,9.013381666666595,9.013381666666595,6.318893999999958,4.0,4.0,2.0,1.0,1.0,1.0,10.0,10.0,6.0,0.0,0.0,0
4.2199999999999545,9.05343333333326,9.05343333333326,6.338944999999957,4.0,4.0,2.0,1.0,1.0,1.0,10.0,10.0,6.0,0.0,0.0,0
4.229999999999954,9.093484999999925,9.093484999999925,6.358995999999957,4.0,4.0,2.0,1.0,1.0,1.0,10.0,10.0,6.0,0.0,0.0,0
4.239999999999954,9.13353666666659,9.13353666666659,6.379046999999956,4.0,4.0,2.0,1.0,1.0,1.0,10.0,10.0,6.0,0.0,0.0,0
4.249999999999954,9.173588333333255,9.173588333333255,6.399097999999956,4.0,4.0,2.0,1.0,1.0,1.0,10.0,10.0,6.0,0.0,0.0,0
4.259999999999954,9.21363999999992,9.21363999999992,6.419148999999956,4.0,4.0,2.0,1.0,1.0,1.0,10.0,10.0,6.0,0.0,0.0,0
4.269999999999953,9.253691666666585,9.253691666666585,6.439199999999955,4.0,4.0,2.0,1.0,1.0,1.0,10.0,10.0,6.0,0.0,0.0,0
4.279999999999953,9.29374333333325,9.29374333333325,6.459250999999955,4.0,4.0,2.0,1.0,1.0,1.0,10.0,10.0,6.0,0.0,0.0,0
4.289999999999953,9.333794999999915,9.333794999999915,6.479301999999954,4.0,4.0,2.0,1.0,1.0,1.0,10.0,10.0,6.0,0.0,0.0,0
4.299999999999953,9.37384666666658,9.37384666666658,6.499352999999954,4.0,4.0,2.0,1.0,1.0,1.0,10.0,10.0,6.0,0.0,0.0,0
4.3099999999999525,9.413898333333245,9.413898333333245,6.519403999999954,4.0,4.0,2.0,1.0,1.0,1.0,10.0,10.0,6.0,0.0,0.0,0
4.319999999999952,9.45394999999991,9.45394999999991,6.539454999999953,4.0,4.0,2.0,1.0,1.0,1.0,10.0,10.0,6.0,0.0,0.0,0
4.329999999999952,9.494001666666575,9.494001666666575,6.559505999999953,4.0,4.0,2.0,1.0,1.0,1.0,10.0,10.0,6.0,0.0,0.0,0
4.339999999999952,9.53405333333324,9.53405333333324,6.579556999999952,4.0,4.0,2.0,1.0,1.0,1.0,10.0,10.0,6.0,0.0,0.0,0
4.349999999999952,9.574104999999905,9.574104999999905,6.599607999999952,4.0,4.0,2.0,1.0,1.0,1.0,10.0,10.0,6.0,0.0,0.0,0
4.3599999999999515,9.61415666666657,9.61415666666657,6.6196589999999516,4.0,4.0,2.0,1.0,1.0,1.0,10.0,10.0,6.0,0.0,0.0,0
4.369999999999951,9.654208333333235,9.654208333333235,6.639709999999951,4.0,4.0,2.0,1.0,1.0,1.0,10.0,10.0,6.0,0.0,0.0,0
4.379999999999951,9.6942599999999,9.6942599999999,6.659760999999951,4.0,4.0,2.0,1.0,1.0,1.0,10.0,10.0,6.0,0.0,0.0,0
4.389999999999951,9.734311666666565,9.734311666666565,6.67981199999995,4.0,4.0,2.0,1.0,1.0,1.0,10.0,10.0,6.0,0.0,0.0,0
4.399999999999951,9.77436333333323,9.77436333333323,6.69986299999995,4.0,4.0,2.0,1.0,1.0,1.0,10.0,10.0,6.0,0.0,0.0,0
4.40999999999995,9.814414999999896,9.814414999999896,6.7199139999999495,4.0,4.0,2.0,1.0,1.0,1.0,10.0,10.0,6.0,0.0,0.0,0
4.41999999999995,9.85446666666656,9.85446666666656,6.739964999999949,4.0,4.0,2.0,1.0,1.0,1.0,10.0,10.0,6.0,0.0,0.0,0
4.42999999999995,9.894518333333226,9.894518333333226,6.760015999999949,4.0,4.0,2.0,1.0,1.0,1.0,10.0,10.0,6.0,0.0,0.0,0
4.43999999999995,9.93456999999989,9.93456999999989,6.780066999999948,4.0,4.0,2.0,1.0,1.0,1.0,10.0,10.0,6.0,0.0,0.0,0
4.4499999999999496,9.974621666666556,9.974621666666556,6.800117999999948,4.0,4.0,2.0,1.0,1.0,1.0,10.0,10.0,6.0,0.0,0.0,0
4.459999999999949,10.01467333333322,10.01467333333322,6.8201689999999475,4.0,4.0,2.0,1.0,1.0,1.0,10.0,10.0,6.0,0.0,0.0,0
4.469999999999949,10.054724999999886,10.054724999999886,6.840219999999947,4.0,4.0,2.0,1.0,1.0,1.0,10.0,10.0,6.0,0.0,0.0,0
4.479999999999949,10.09477666666655,10.09477666666655,6.860270999999947,4.0,4.0,2.0,1.0,1.0,1.0,10.0,10.0,6.0,0.0,0.0,0
4.489999999999949,10.134828333333216,10.134828333333216,6.880321999999946,4.0,4.0,2.0,1.0,1.0,1.0,10.0,10.0,6.0,0.0,0.0,0
4.4999999999999485,10.174879999999881,10.174879999999881,6.900372999999946,4.0,4.0,2.0,1.0,1.0,1.0,10.0,10.0,6.0,0.0,0.0,0
4.509999999999948,10.214931666666546,10.214931666666546,6.9204239999999455,4.0,4.0,2.0,1.0,1.0,1.0,10.0,10.0,6.0,0.0,0.0,0
4.519999999999948,10.254983333333211,10.254983333333211,6.940474999999945,4.0,4.0,2.0,1.0,1.0,1.0,10.0,10.0,6.0,0.0,0.0,0
4.529999999999948,10.295034999999876,10.295034999999876,6.960525999999945,4.0,4.0,2.0,1.0,1.0,1.0,10.0,10.0,6.0,0.0,0.0,0
4.539999999999948,10.335086666666541,10.335086666666541,6.980576999999944,4.0,4.0,2.0,1.0,1.0,1.0,10.0,10.0,6.0,0.0,0.0,0
4.549999999999947,10.375138333333206,10.375138333333206,7.000627999999944,4.0,4.0,2.0,1.0,1.0,1.0,10.0,10.0,6.0,0.0,0.0,0
4.559999999999947,10.415189999999871,10.415189999999871,7.0206789999999435,4.0,4.0,2.0,1.0,1.0,1.0,10.0,10.0,6.0,0.0,0.0,0
4.569999999999947,10.455241666666536,10.455241666666536,7.040729999999943,4.0,4.0,2.0,1.0,1.0,1.0,10.0,10.0,6.0,0.0,0.0,0
4.579999999999947,10.495293333333201,10.495293333333201,7.060780999999943,4.0,4.0,2.0,1.0,1.0,1.0,10.0,10.0,6.0,0.0,0.0,0
4.589999999999947,10.535344999999866,10.535344999999866,7.080831999999942,4.0,4.0,2.0,1.0,1.0,1.0,10.0,10.0,6.0,0.0,0.0,0
4.599999999999946,10.575396666666531,10.575396666666531,7.100882999999942,4.0,4.0,2.0,1.0,1.0,1.0,10.0,10.0,6.0,0.0,0.0,0
4.609999999999946,10.615448333333196,10.615448333333196,7.1209339999999415,4.0,4.0,2.0,1.0,1.0,1.0,10.0,10.0,6.0,0.0,0.0,0
4.619999999999946,10.655499999999861,10.655499999999861,7.140984999999941,4.0,4.0,2.0,1.0,1.0,1.0,10.0,10.0,6.0,0.0,0.0,0
4.629999999999946,10.695551666666526,10.695551666666526,7.161035999999941,4.0,4.0,2.0,1.0,1.0,1.0,10.0,10.0,6.0,0.0,0.0,0
4.6399999999999455,10.735603333333192,10.735603333333192,7.18108699999994,4.0,4.0,2.0,1.0,1.0,1.0,10.0,10.0,6.0,0.0,0.0,0
4.649999999999945,10.775654999999857,10.775654999999857,7.20113799999994,4.0,4.0,2.0,1.0,1.0,1.0,10.0,10.0,6.0,0.0,0.0,0
4.659999999999945,10.815706666666522,10.815706666666522,7.2211889999999395,4.0,4.0,2.0,1.0,1.0,1.0,10.0,10.0,6.0,0.0,0.0,0
4.669999999999945,10.855758333333187,10.855758333333187,7.241239999999939,4.0,4.0,2.0,1.0,1.0,1.0,10.0,10.0,6.0,0.0,0.0,0
4.679999999999945,10.895809999999852,10.895809999999852,7.261290999999939,4.0,4.0,2.0,1.0,1.0,1.0,10.0,10.0,6.0,0.0,0.0,0
4.689999999999944,10.935861666666517,10.935861666666517,7.281341999999938,4.0,4.0,2.0,1.0,1.0,1.0,10.0,10.0,6.0,0.0,0.0,0
4.699999999999944,10.975913333333182,10.975913333333182,7.301392999999938,4.0,4.0,2.0,1.0,1.0,1.0,10.0,10.0,6.0,0.0,0.0,0
4.709999999999944,11.015964999999847,11.015964999999847,7.3214439999999374,4.0,4.0,2.0,1.0,1.0,1.0,10.0,10.0,6.0,0.0,0.0,0
4.719999999999944,11.056016666666512,11.056016666666512,7.341494999999937,4.0,4.0,2.0,1.0,1.0,1.0,10.0,10.0,6.0,0.0,0.0,0
4.729999999999944,11.096068333333177,11.096068333333177,7.361545999999937,4.0,4.0,2.0,1.0,1.0,1.0,10.0,10.0,6.0,0.0,0.0,0
4.739999999999943,11.136119999999842,11.136119999999842,7.381596999999936,4.0,4.0,2.0,1.0,1.0,1.0,10.0,10.0,6.0,0.0,0.0,0
4.749999999999943,11.176171666666507,11.176171666666507,7.401647999999936,4.0,4.0,2.0,1.0,1.0,1.0,10.0,10.0,6.0,0.0,0.0,0
4.759999999999943,11.216223333333172,11.216223333333172,7.421698999999935,4.0,4.0,2.0,1.0,1.0,1.0,10.0,10.0,6.0,0.0,0.0,0
4.769999999999943,11.256274999999837,11.256274999999837,7.441749999999935,4.0,4.0,2.0,1.0,1.0,1.0,10.0,10.0,6.0,0.0,0.0,0
4.7799999999999425,11.296326666666502,11.296326666666502,7.461800999999935,4.0,4.0,2.0,1.0,1.0,1.0,10.0,10.0,6.0,0.0,0.0,0
4.789999999999942,11.336378333333167,11.336378333333167,7.481851999999934,4.0,4.0,2.0,1.0,1.0,1.0,10.0,10.0,6.0,0.0,0.0,0
4.799999999999942,11.376429999999832,11.376429999999832,7.501902999999934,4.0,4.0,2.0,1.0,1.0,1.0,10.0,10.0,6.0,0.0,0.0,0
4.809999999999942,11.416481666666497,11.416481666666497,7.521953999999933,4.0,4.0,2.0,1.0,1.0,1.0,10.0,10.0,6.0,0.0,0.0,0
4.819999999999942,11.456533333333162,11.456533333333162,7.542004999999933,4.0,4.0,2.0,1.0,1.0,1.0,10.0,10.0,6.0,0.0,0.0,0
4.8299999999999415,11.496584999999827,11.496584999999827,7.562055999999933,4.0,4.0,2.0,1.0,1.0,1.0,10.0,10.0,6.0,0.0,0.0,0
4.839999999999941,11.536636666666492,11.536636666666492,7.582106999999932,4.0,4.0,2.0,1.0,1.0,1.0,10.0,10.0,6.0,0.0,0.0,0
4.849999999999941,11.576688333333157,11.576688333333157,7.602157999999932,4.0,4.0,2.0,1.0,1.0,1.0,10.0,10.0,6.0,0.0,0.0,0
4.859999999999941,11.616739999999822,11.616739999999822,7.622208999999931,4.0,4.0,2.0,1.0,1.0,1.0,10.0,10.0,6.0,0.0,0.0,0
4.869999999999941,11.656791666666487,11.656791666666487,7.642259999999931,4.0,4.0,2.0,1.0,1.0,1.0,10.0,10.0,6.0,0.0,0.0,0
4.87999999999994,11.696843333333153,11.696843333333153,7.662310999999931,4.0,4.0,2.0,1.0,1.0,1.0,10.0,10.0,6.0,0.0,0.0,0
4.88999999999994,11.736894999999818,11.736894999999818,7.68236199999993,4.0,4.0,2.0,1.0,1.0,1.0,10.0,10.0,6.0,0.0,0.0,0
4.89999999999994,11.776946666666483,11.776946666666483,7.70241299999993,4.0,4.0,2.0,1.0,1.0,1.0,10.0,10.0,6.0,0.0,0.0,0
4.90999999999994,11.816998333333148,11.816998333333148,7.722463999999929,4.0,4.0,2.0,1.0,1.0,1.0,10.0,10.0,6.0,0.0,0.0,0
4.9199999999999395,11.857049999999813,11.857049999999813,7.742514999999929,4.0,4.0,2.0,1.0,1.0,1.0,10.0,10.0,6.0,0.0,0.0,0
4.929999999999939,11.897101666666478,11.897101666666478,7.762565999999929,4.0,4.0,2.0,1.0,1.0,1.0,10.0,10.0,6.0,0.0,0.0,0
4.939999999999939,11.937153333333143,11.937153333333143,7.782616999999928,4.0,4.0,2.0,1.0,1.0,1.0,10.0,10.0,6.0,0.0,0.0,0
4.949999999999939,11.977204999999808,11.977204999999808,7.802667999999928,4.0,4.0,2.0,1.0,1.0,1.0,10.0,10.0,6.0,0.0,0.0,0
4.959999999999939,12.017256666666473,12.017256666666473,7.822718999999927,4.0,4.0,2.0,1.0,1.0,1.0,10.0,10.0,6.0,0.0,0.0,0
4.9699999999999385,12.057308333333138,12.057308333333138,7.842769999999927,4.0,4.0,2.0,1.0,1.0,1.0,10.0,10.0,6.0,0.0,0.0,0
4.979999999999938,12.097359999999803,12.097359999999803,7.862820999999927,4.0,4.0,2.0,1.0,1.0,1.0,10.0,10.0,6.0,0.0,0.0,0
4.989999999999938,12.137411666666468,12.137411666666468,7.882871999999926,4.0,4.0,2.0,1.0,1.0,1.0,10.0,10.0,6.0,0.0,0.0,0
4.999999999999938,12.177463333333133,12.177463333333133,7.902922999999926,4.0,4.0,2.0,1.0,1.0,1.0,10.0,10.0,6.0,0.0,0.0,0
5.009999999999938,12.217514999999798,12.217514999999798,7.922973999999925,4.0,4.0,2.0,1.0,1.0,1.0,10.0,10.0,6.0,0.0,0.0,0
5.019999999999937,12.257566666666463,12.257566666666463,7.943024999999925,4.0,4.0,2.0,1.0,1.0,1.0,10.0,10.0,6.0,0.0,0.0,0
5.029999999999937,12.297618333333128,12.297618333333128,7.9630759999999245,4.0,4.0,2.0,1.0,1.0,1.0,10.0,10.0,6.0,0.0,0.0,0
5.039999999999937,12.337669999999793,12.337669999999793,7.983126999999924,4.0,4.0,2.0,1.0,1.0,1.0,10.0,10.0,6.0,0.0,0.0,0
5.049999999999937,12.377721666666458,12.377721666666458,8.003177999999924,4.0,4.0,2.0,1.0,1.0,1.0,10.0,10.0,6.0,0.0,0.0,0
5.0599999999999365,12.417773333333123,12.417773333333123,8.023228999999922,4.0,4.0,2.0,1.0,1.0,1.0,10.0,10.0,6.0,0.0,0.0,0
5.069999999999936,12.457824999999788,12.457824999999788,8.043279999999921,4.0,4.0,2.0,1.0,1.0,1.0,10.0,10.0,6.0,0.0,0.0,0
5.079999999999936,12.497876666666453,12.497876666666453,8.06333099999992,4.0,4.0,2.0,1.0,1.0,1.0,10.0,10.0,6.0,0.0,0.0,0
5.089999999999936,12.537928333333118,12.537928333333118,8.083381999999919,4.0,4.0,2.0,1.0,1.0,1.0,10.0,10.0,6.0,0.0,0.0,0
5.099999999999936,12.577979999999783,12.577979999999783,8.103432999999917,4.0,4.0,2.0,1.0,1.0,1.0,10.0,10.0,6.0,0.0,0.0,0
5.1099999999999355,12.618031666666448,12.618031666666448,8.123483999999916,4.0,4.0,2.0,1.0,1.0,1.0,10.0,10.0,6.0,0.0,0.0,0
5.119999999999935,12.658083333333114,12.658083333333114,8.143534999999915,4.0,4.0,2.0,1.0,1.0,1.0,10.0,10.0,6.0,0.0,0.0,0
5.129999999999935,12.698134999999779,12.698134999999779,8.163585999999913,4.0,4.0,2.0,1.0,1.0,1.0,10.0,10.0,6.0,0.0,0.0,0
5.139999999999935,12.738186666666444,12.738186666666444,8.183636999999912,4.0,4.0,2.0,1.0,1.0,1.0,10.0,10.0,6.0,0.0,0.0,0
5.149999999999935,12.778238333333109,12.778238333333109,8.20368799999991,4.0,4.0,2.0,1.0,1.0,1.0,10.0,10.0,6.0,0.0,0.0,0
5.159999999999934,12.818289999999774,12.818289999999774,8.22373899999991,4.0,4.0,2.0,1.0,1.0,1.0,10.0,10.0,6.0,0.0,0.0,0
5.169999999999934,12.858341666666439,12.858341666666439,8.243789999999908,4.0,4.0,2.0,1.0,1.0,1.0,10.0,10.0,6.0,0.0,0.0,0
5.179999999999934,12.898393333333104,12.898393333333104,8.263840999999907,4.0,4.0,2.0,1.0,1.0,1.0,10.0,10.0,6.0,0.0,0.0,0
5.189999999999934,12.938444999999769,12.938444999999769,8.283891999999906,4.0,4.0,2.0,1.0,1.0,1.0,10.0,10.0,6.0,0.0,0.0,0
5.199999999999934,12.978496666666434,12.978496666666434,8.303942999999904,4.0,4.0,2.0,1.0,1.0,1.0,10.0,10.0,6.0,0.0,0.0,0
5.209999999999933,13.018548333333099,13.018548333333099,8.323993999999903,4.0,4.0,2.0,1.0,1.0,1.0,10.0,10.0,6.0,0.0,0.0,0
5.219999999999933,13.058599999999764,13.058599999999764,8.344044999999902,4.0,4.0,2.0,1.0,1.0,1.0,10.0,10.0,6.0,0.0,0.0,0
5.229999999999933,13.098651666666429,13.098651666666429,8.3640959999999,4.0,4.0,2.0,1.0,1.0,1.0,10.0,10.0,6.0,0.0,0.0,0
5.239999999999933,13.138703333333094,13.138703333333094,8.3841469999999,4.0,4.0,2.0,1.0,1.0,1.0,10.0,10.0,6.0,0.0,0.0,0
5.2499999999999325,13.178754999999759,13.178754999999759,8.404197999999898,4.0,4.0,2.0,1.0,1.0,1.0,10.0,10.0,6.0,0.0,0.0,0
5.259999999999932,13.218806666666424,13.218806666666424,8.424248999999897,4.0,4.0,2.0,1.0,1.0,1.0,10.0,10.0,6.0,0.0,0.0,0
5.269999999999932,13.25885833333309,13.25885833333309,8.444299999999895,4.0,4.0,2.0,1.0,1.0,1.0,10.0,10.0,6.0,0.0,0.0,0
5.279999999999932,13.298909999999754,13.298909999999754,8.464350999999894,4.0,4.0,2.0,1.0,1.0,1.0,10.0,10.0,6.0,0.0,0.0,0
5.289999999999932,13.33896166666642,13.33896166666642,8.484401999999893,4.0,4.0,2.0,1.0,1.0,1.0,10.0,10.0,6.0,0.0,0.0,0
5.299999999999931,13.379013333333084,13.379013333333084,8.504452999999891,4.0,4.0,2.0,1.0,1.0,1.0,10.0,10.0,6.0,0.0,0.0,0
5.309999999999931,13.41906499999975,13.41906499999975,8.52450399999989,4.0,4.0,2.0,1.0,1.0,1.0,10.0,10.0,6.0,0.0,0.0,0
5.319999999999931,13.459116666666414,13.459116666666414,8.544554999999889,4.0,4.0,2.0,1.0,1.0,1.0,10.0,10.0,6.0,0.0,0.0,0
5.329999999999931,13.49916833333308,13.49916833333308,8.564605999999888,4.0,4.0,2.0,1.0,1.0,1.0,10.0,10.0,6.0,0.0,0.0,0
5.339999999999931,13.539219999999744,13.539219999999744,8.584656999999886,4.0,4.0,2.0,1.0,1.0,1.0,10.0,10.0,6.0,0.0,0.0,0
5.34999999999993,13.57927166666641,13.57927166666641,8.604707999999885,4.0,4.0,2.0,1.0,1.0,1.0,10.0,10.0,6.0,0.0,0.0,0
5.35999999999993,13.619323333333075,13.619323333333075,8.624758999999884,4.0,4.0,2.0,1.0,1.0,1.0,10.0,10.0,6.0,0.0,0.0,0
5.36999999999993,13.65937499999974,13.65937499999974,8.644809999999882,4.0,4.0,2.0,1.0,1.0,1.0,10.0,10.0,6.0,0.0,0.0,0
5.37999999999993,13.699426666666405,13.699426666666405,8.664860999999881,4.0,4.0,2.0,1.0,1.0,1.0,10.0,10.0,6.0,0.0,0.0,0
5.3899999999999295,13.73947833333307,13.73947833333307,8.68491199999988,4.0,4.0,2.0,1.0,1.0,1.0,10.0,10.0,6.0,0.0,0.0,0
5.399999999999929,13.779529999999735,13.779529999999735,8.704962999999879,4.0,4.0,2.0,1.0,1.0,1.0,10.0,10.0,6.0,0.0,0.0,0
5.409999999999929,13.8195816666664,13.8195816666664,8.725013999999877,4.0,4.0,2.0,1.0,1.0,1.0,10.0,10.0,6.0,0.0,0.0,0
5.419999999999929,13.859633333333065,13.859633333333065,8.745064999999876,4.0,4.0,2.0,1.0,1.0,1.0,10.0,10.0,6.0,0.0,0.0,0
5.429999999999929,13.89968499999973,13.89968499999973,8.765115999999875,4.0,4.0,2.0,1.0,1.0,1.0,10.0,10.0,6.0,0.0,0.0,0
5.4399999999999284,13.939736666666395,13.939736666666395,8.785166999999873,4.0,4.0,2.0,1.0,1.0,1.0,10.0,10.0,6.0,0.0,0.0,0
5.449999999999928,13.97978833333306,13.97978833333306,8.805217999999872,4.0,4.0,2.0,1.0,1.0,1.0,10.0,10.0,6.0,0.0,0.0,0
5.459999999999928,14.019839999999725,14.019839999999725,8.82526899999987,4.0,4.0,2.0,1.0,1.0,1.0,10.0,10.0,6.0,0.0,0.0,0
5.469999999999928,14.05989166666639,14.05989166666639,8.84531999999987,4.0,4.0,2.0,1.0,1.0,1.0,10.0,10.0,6.0,0.0,0.0,0
5.479999999999928,14.099943333333055,14.099943333333055,8.865370999999868,4.0,4.0,2.0,1.0,1.0,1.0,10.0,10.0,6.0,0.0,0.0,0
5.489999999999927,14.13999499999972,14.13999499999972,8.885421999999867,4.0,4.0,2.0,1.0,1.0,1.0,10.0,10.0,6.0,0.0,0.0,0
5.499999999999927,14.180046666666385,14.180046666666385,8.905472999999866,4.0,4.0,2.0,1.0,1.0,1.0,10.0,10.0,6.0,0.0,0.0,0
5.509999999999927,14.22009833333305,14.22009833333305,8.925523999999864,4.0,4.0,2.0,1.0,1.0,1.0,10.0,10.0,6.0,0.0,0.0,0
5.519999999999927,14.260149999999715,14.260149999999715,8.945574999999863,4.0,4.0,2.0,1.0,1.0,1.0,10.0,10.0,6.0,0.0,0.0,0
5.5299999999999265,14.30020166666638,14.30020166666638,8.965625999999862,4.0,4.0,2.0,1.0,1.0,1.0,10.0,10.0,6.0,0.0,0.0,0
5.539999999999926,14.340253333333045,14.340253333333045,8.98567699999986,4.0,4.0,2.0,1.0,1.0,1.0,10.0,10.0,6.0,0.0,0.0,0
5.549999999999926,14.38030499999971,14.38030499999971,9.00572799999986,4.0,4.0,2.0,1.0,1.0,1.0,10.0,10.0,6.0,0.0,0.0,0
5.559999999999926,14.420356666666375,14.420356666666375,9.025778999999858,4.0,4.0,2.0,1.0,1.0,1.0,10.0,10.0,6.0,0.0,0.0,0
5.569999999999926,14.46040833333304,14.46040833333304,9.045829999999857,4.0,4.0,2.0,1.0,1.0,1.0,10.0,10.0,6.0,0.0,0.0,0
5.5799999999999255,14.500459999999705,14.500459999999705,9.065880999999855,4.0,4.0,2.0,1.0,1.0,1.0,10.0,10.0,6.0,0.0,0.0,0
5.589999999999925,14.54051166666637,14.54051166666637,9.085931999999854,4.0,4.0,2.0,1.0,1.0,1.0,10.0,10.0,6.0,0.0,0.0,0
5.599999999999925,14.580563333333036,14.580563333333036,9.105982999999853,4.0,4.0,2.0,1.0,1.0,1.0,10.0,10.0,6.0,0.0,0.0,0
5.609999999999925,14.6206149999997,14.6206149999997,9.126033999999851,4.0,4.0,2.0,1.0,1.0,1.0,10.0,10.0,6.0,0.0,0.0,0
5.619999999999925,14.660666666666366,14.660666666666366,9.14608499999985,4.0,4.0,2.0,1.0,1.0,1.0,10.0,10.0,6.0,0.0,0.0,0
5.629999999999924,14.70071833333303,14.70071833333303,9.166135999999849,4.0,4.0,2.0,1.0,1.0,1.0,10.0,10.0,6.0,0.0,0.0,0
5.639999999999924,14.740769999999696,14.740769999999696,9.186186999999848,4.0,4.0,2.0,1.0,1.0,1.0,10.0,10.0,6.0,0.0,0.0,0
5.649999999999924,14.78082166666636,14.78082166666636,9.206237999999846,4.0,4.0,2.0,1.0,1.0,1.0,10.0,10.0,6.0,0.0,0.0,0
5.659999999999924,14.820873333333026,14.820873333333026,9.226288999999845,4.0,4.0,2.0,1.0,1.0,1.0,10.0,10.0,6.0,0.0,0.0,0
5.6699999999999235,14.86092499999969,14.86092499999969,9.246339999999844,4.0,4.0,2.0,1.0,1.0,1.0,10.0,10.0,6.0,0.0,0.0,0
5.679999999999923,14.900976666666356,14.900976666666356,9.266390999999842,4.0,4.0,2.0,1.0,1.0,1.0,10.0,10.0,6.0,0.0,0.0,0
5.689999999999923,14.941028333333021,14.941028333333021,9.286441999999841,4.0,4.0,2.0,1.0,1.0,1.0,10.0,10.0,6.0,0.0,0.0,0
5.699999999999923,14.981079999999686,14.981079999999686,9.30649299999984,4.0,4.0,2.0,1.0,1.0,1.0,10.0,10.0,6.0,0.0,0.0,0
5.709999999999923,15.021131666666351,15.021131666666351,9.326543999999839,4.0,4.0,2.0,1.0,1.0,1.0,10.0,10.0,6.0,0.0,0.0,0
5.7199999999999225,15.061183333333016,15.061183333333016,9.346594999999837,4.0,4.0,2.0,1.0,1.0,1.0,10.0,10.0,6.0,0.0,0.0,0
5.729999999999922,15.101234999999681,15.101234999999681,9.366645999999836,4.0,4.0,2.0,1.0,1.0,1.0,10.0,10.0,6.0,0.0,0.0,0
5.739999999999922,15.141286666666346,15.141286666666346,9.386696999999835,4.0,4.0,2.0,1.0,1.0,1.0,10.0,10.0,6.0,0.0,0.0,0
5.749999999999922,15.181338333333011,15.181338333333011,9.406747999999833,4.0,4.0,2.0,1.0,1.0,1.0,10.0,10.0,6.0,0.0,0.0,0
5.759999999999922,15.221389999999676,15.221389999999676,9.426798999999832,4.0,4.0,2.0,1.0,1.0,1.0,10.0,10.0,6.0,0.0,0.0,0
5.769999999999921,15.261441666666341,15.261441666666341,9.44684999999983,4.0,4.0,2.0,1.0,1.0,1.0,10.0,10.0,6.0,0.0,0.0,0
5.779999999999921,15.301493333333006,15.301493333333006,9.46690099999983,4.0,4.0,2.0,1.0,1.0,1.0,10.0,10.0,6.0,0.0,0.0,0
5.789999999999921,15.341544999999671,15.341544999999671,9.486951999999828,4.0,4.0,2.0,1.0,1.0,1.0,10.0,10.0,6.0,0.0,0.0,0
5.799999999999921,15.381596666666336,15.381596666666336,9.507002999999827,4.0,4.0,2.0,1.0,1.0,1.0,10.0,10.0,6.0,0.0,0.0,0
5.809999999999921,15.421648333333001,15.421648333333001,9.527053999999826,4.0,4.0,2.0,1.0,1.0,1.0,10.0,10.0,6.0,0.0,0.0,0
5.81999999999992,15.461699999999666,15.461699999999666,9.547104999999824,4.0,4.0,2.0,1.0,1.0,1.0,10.0,10.0,6.0,0.0,0.0,0
5.82999999999992,15.501751666666332,15.501751666666332,9.567155999999823,4.0,4.0,2.0,1.0,1.0,1.0,10.0,10.0,6.0,0.0,0.0,0
5.83999999999992,15.541803333332997,15.541803333332997,9.587206999999822,4.0,4.0,2.0,1.0,1.0,1.0,10.0,10.0,6.0,0.0,0.0,0
5.84999999999992,15.581854999999662,15.581854999999662,9.60725799999982,4.0,4.0,2.0,1.0,1.0,1.0,10.0,10.0,6.0,0.0,0.0,0
5.8599999999999195,15.621906666666327,15.621906666666327,9.62730899999982,4.0,4.0,2.0,1.0,1.0,1.0,10.0,10.0,6.0,0.0,0.0,0
5.869999999999919,15.661958333332992,15.661958333332992,9.647359999999818,4.0,4.0,2.0,1.0,1.0,1.0,10.0,10.0,6.0,0.0,0.0,0
5.879999999999919,15.702009999999657,15.702009999999657,9.667410999999817,4.0,4.0,2.0,1.0,1.0,1.0,10.0,10.0,6.0,0.0,0.0,0
5.889999999999919,15.742061666666322,15.742061666666322,9.687461999999815,4.0,4.0,2.0,1.0,1.0,1.0,10.0,10.0,6.0,0.0,0.0,0
5.899999999999919,15.782113333332987,15.782113333332987,9.707512999999814,4.0,4.0,2.0,1.0,1.0,1.0,10.0,10.0,6.0,0.0,0.0,0
5.909999999999918,15.822164999999652,15.822164999999652,9.727563999999813,4.0,4.0,2.0,1.0,1.0,1.0,10.0,10.0,6.0,0.0,0.0,0
5.919999999999918,15.862216666666317,15.862216666666317,9.747614999999811,4.0,4.0,2.0,1.0,1.0,1.0,10.0,10.0,6.0,0.0,0.0,0
5.929999999999918,15.902268333332982,15.902268333332982,9.76766599999981,4.0,4.0,2.0,1.0,1.0,1.0,10.0,10.0,6.0,0.0,0.0,0
5.939999999999918,15.942319999999647,15.942319999999647,9.787716999999809,4.0,4.0,2.0,1.0,1.0,1.0,10.0,10.0,6.0,0.0,0.0,0
5.949999999999918,15.982371666666312,15.982371666666312,9.807767999999808,4.0,4.0,2.0,1.0,1.0,1.0,10.0,10.0,6.0,0.0,0.0,0
5.959999999999917,16.02242333333298,16.02242333333298,9.827818999999806,4.0,4.0,2.0,1.0,1.0,1.0,10.0,10.0,6.0,0.0,0.0,0
5.969999999999917,16.062474999999647,16.062474999999647,9.847869999999805,4.0,4.0,2.0,1.0,1.0,1.0,10.0,10.0,6.0,0.0,0.0,0
5.979999999999917,16.102526666666314,16.102526666666314,9.867920999999804,4.0,4.0,2.0,1.0,1.0,1.0,10.0,10.0,6.0,0.0,0.0,0
5.989999999999917,16.14257833333298,16.14257833333298,9.887971999999802,4.0,4.0,2.0,1.0,1.0,1.0,10.0,10.0,6.0,0.0,0.0,0
5.9999999999999165,16.182629999999648,16.182629999999648,9.908022999999801,4.0,4.0,2.0,1.0,1.0,1.0,10.0,10.0,6.0,0.0,0.0,0
6.009999999999916,16.222681666666315,16.222681666666315,9.9280739999998,4.0,4.0,2.0,1.0,1.0,1.0,10.0,10.0,6.0,0.0,0.0,0
6.019999999999916,16.26273333333298,16.26273333333298,9.948124999999798,4.0,4.0,2.0,1.0,1.0,1.0,10.0,10.0,6.0,0.0,0.0,0
6.029999999999916,16.30278499999965,16.30278499999965,9.968175999999797,4.0,4.0,2.0,1.0,1.0,1.0,10.0,10.0,6.0,0.0,0.0,0
6.039999999999916,16.342836666666315,16.342836666666315,9.988226999999796,4.0,4.0,2.0,1.0,1.0,1.0,10.0,10.0,6.0,0.0,0.0,0
6.0499999999999154,16.382888333332982,16.382888333332982,10.008277999999795,4.0,4.0,2.0,1.0,1.0,1.0,10.0,10.0,6.0,0.0,0.0,0
6.059999999999915,16.42293999999965,16.42293999999965,10.028328999999793,4.0,4.0,2.0,1.0,1.0,1.0,10.0,10.0,6.0,0.0,0.0,0
6.069999999999915,16.462991666666316,16.462991666666316,10.048379999999792,4.0,4.0,2.0,1.0,1.0,1.0,10.0,10.0,6.0,0.0,0.0,0
6.079999999999915,16.503043333332982,16.503043333332982,10.06843099999979,4.0,4.0,2.0,1.0,1.0,1.0,10.0,10.0,6.0,0.0,0.0,0
6.089999999999915,16.54309499999965,16.54309499999965,10.08848199999979,4.0,4.0,2.0,1.0,1.0,1.0,10.0,10.0,6.0,0.0,0.0,0
6.099999999999914,16.583146666666316,16.583146666666316,10.108532999999788,4.0,4.0,2.0,1.0,1.0,1.0,10.0,10.0,6.0,0.0,0.0,0
6.109999999999914,16.623198333332983,16.623198333332983,10.128583999999787,4.0,4.0,2.0,1.0,1.0,1.0,10.0,10.0,6.0,0.0,0.0,0
6.119999999999914,16.66324999999965,16.66324999999965,10.148634999999786,4.0,4.0,2.0,1.0,1.0,1.0,10.0,10.0,6.0,0.0,0.0,0
6.129999999999914,16.703301666666317,16.703301666666317,10.168685999999784,4.0,4.0,2.0,1.0,1.0,1.0,10.0,10.0,6.0,0.0,0.0,0
6.1399999999999135,16.743353333332983,16.743353333332983,10.188736999999783,4.0,4.0,2.0,1.0,1.0,1.0,10.0,10.0,6.0,0.0,0.0,0
6.149999999999913,16.78340499999965,16.78340499999965,10.208787999999782,4.0,4.0,2.0,1.0,1.0,1.0,10.0,10.0,6.0,0.0,0.0,0
6.159999999999913,16.823456666666317,16.823456666666317,10.22883899999978,4.0,4.0,2.0,1.0,1.0,1.0,10.0,10.0,6.0,0.0,0.0,0
6.169999999999913,16.863508333332984,16.863508333332984,10.24888999999978,4.0,4.0,2.0,1.0,1.0,1.0,10.0,10.0,6.0,0.0,0.0,0
6.179999999999913,16.90355999999965,16.90355999999965,10.268940999999778,4.0,4.0,2.0,1.0,1.0,1.0,10.0,10.0,6.0,0.0,0.0,0
6.1899999999999125,16.943611666666317,16.943611666666317,10.288991999999777,4.0,4.0,2.0,1.0,1.0,1.0,10.0,10.0,6.0,0.0,0.0,0
6.199999999999912,16.983663333332984,16.983663333332984,10.309042999999775,4.0,4.0,2.0,1.0,1.0,1.0,10.0,10.0,6.0,0.0,0.0,0
6.209999999999912,17.02371499999965,17.02371499999965,10.329093999999774,4.0,4.0,2.0,1.0,1.0,1.0,10.0,10.0,6.0,0.0,0.0,0
6.219999999999912,17.063766666666318,17.063766666666318,10.349144999999773,4.0,4.0,2.0,1.0,1.0,1.0,10.0,10.0,6.0,0.0,0.0,0
6.229999999999912,17.103818333332985,17.103818333332985,10.369195999999771,4.0,4.0,2.0,1.0,1.0,1.0,10.0,10.0,6.0,0.0,0.0,0
6.239999999999911,17.14386999999965,17.14386999999965,10.38924699999977,4.0,4.0,2.0,1.0,1.0,1.0,10.0,10.0,6.0,0.0,0.0,0
6.249999999999911,17.18392166666632,17.18392166666632,10.409297999999769,4.0,4.0,2.0,1.0,1.0,1.0,10.0,10.0,6.0,0.0,0.0,0
6.259999999999911,17.223973333332985,17.223973333332985,10.429348999999767,4.0,4.0,2.0,1.0,1.0,1.0,10.0,10.0,6.0,0.0,0.0,0
6.269999999999911,17.264024999999652,17.264024999999652,10.449399999999766,4.0,4.0,2.0,1.0,1.0,1.0,10.0,10.0,6.0,0.0,0.0,0
6.2799999999999105,17.30407666666632,17.30407666666632,10.469450999999765,4.0,4.0,2.0,1.0,1.0,1.0,10.0,10.0,6.0,0.0,0.0,0
6.28999999999991,17.344128333332986,17.344128333332986,10.489501999999764,4.0,4.0,2.0,1.0,1.0,1.0,10.0,10.0,6.0,0.0,0.0,0
6.29999999999991,17.384179999999652,17.384179999999652,10.509552999999762,4.0,4.0,2.0,1.0,1.0,1.0,10.0,10.0,6.0,0.0,0.0,0
6.30999999999991,17.42423166666632,17.42423166666632,10.529603999999761,4.0,4.0,2.0,1.0,1.0,1.0,10.0,10.0,6.0,0.0,0.0,0
6.31999999999991,17.464283333332986,17.464283333332986,10.54965499999976,4.0,4.0,2.0,1.0,1.0,1.0,10.0,10.0,6.0,0.0,0.0,0
6.3299999999999095,17.504334999999653,17.504334999999653,10.569705999999758,4.0,4.0,2.0,1.0,1.0,1.0,10.0,10.0,6.0,0.0,0.0,0
6.339999999999909,17.54438666666632,17.54438666666632,10.589756999999757,4.0,4.0,2.0,1.0,1.0,1.0,10.0,10.0,6.0,0.0,0.0,0
6.349999999999909,17.584438333332987,17.584438333332987,10.609807999999756,4.0,4.0,2.0,1.0,1.0,1.0,10.0,10.0,6.0,0.0,0.0,0
6.359999999999909,17.624489999999653,17.624489999999653,10.629858999999755,4.0,4.0,2.0,1.0,1.0,1.0,10.0,10.0,6.0,0.0,0.0,0
6.369999999999909,17.66454166666632,17.66454166666632,10.649909999999753,4.0,4.0,2.0,1.0,1.0,1.0,10.0,10.0,6.0,0.0,0.0,0
6.379999999999908,17.704593333332987,17.704593333332987,10.669960999999752,4.0,4.0,2.0,1.0,1.0,1.0,10.0,10.0,6.0,0.0,0.0,0
6.389999999999908,17.744644999999654,17.744644999999654,10.69001199999975,4.0,4.0,2.0,1.0,1.0,1.0,10.0,10.0,6.0,0.0,0.0,0
6.399999999999908,17.78469666666632,17.78469666666632,10.71006299999975,4.0,4.0,2.0,1.0,1.0,1.0,10.0,10.0,6.0,0.0,0.0,0
6.409999999999908,17.824748333332987,17.824748333332987,10.730113999999748,4.0,4.0,2.0,1.0,1.0,1.0,10.0,10.0,6.0,0.0,0.0,0
6.419999999999908,17.864799999999654,17.864799999999654,10.750164999999747,4.0,4.0,2.0,1.0,1.0,1.0,10.0,10.0,6.0,0.0,0.0,0
6.429999999999907,17.90485166666632,17.90485166666632,10.770215999999746,4.0,4.0,2.0,1.0,1.0,1.0,10.0,10.0,6.0,0.0,0.0,0
6.439999999999907,17.944903333332988,17.944903333332988,10.790266999999744,4.0,4.0,2.0,1.0,1.0,1.0,10.0,10.0,6.0,0.0,0.0,0
6.449999999999907,17.984954999999655,17.984954999999655,10.810317999999743,4.0,4.0,2.0,1.0,1.0,1.0,10.0,10.0,6.0,0.0,0.0,0
6.459999999999907,18.02500666666632,18.02500666666632,10.830368999999742,4.0,4.0,2.0,1.0,1.0,1.0,10.0,10.0,6.0,0.0,0.0,0
6.4699999999999065,18.06505833333299,18.06505833333299,10.85041999999974,4.0,4.0,2.0,1.0,1.0,1.0,10.0,10.0,6.0,0.0,0.0,0
6.479999999999906,18.105109999999655,18.105109999999655,10.870470999999739,4.0,4.0,2.0,1.0,1.0,1.0,10.0,10.0,6.0,0.0,0.0,0
6.489999999999906,18.145161666666322,18.145161666666322,10.890521999999738,4.0,4.0,2.0,1.0,1.0,1.0,10.0,10.0,6.0,0.0,0.0,0
6.499999999999906,18.18521333333299,18.18521333333299,10.910572999999737,4.0,4.0,2.0,1.0,1.0,1.0,10.0,10.0,6.0,0.0,0.0,0
6.509999999999906,18.225264999999656,18.225264999999656,10.930623999999735,4.0,4.0,2.0,1.0,1.0,1.0,10.0,10.0,6.0,0.0,0.0,0
6.519999999999905,18.265316666666322,18.265316666666322,10.950674999999734,4.0,4.0,2.0,1.0,1.0,1.0,10.0,10.0,6.0,0.0,0.0,0
6.529999999999905,18.30536833333299,18.30536833333299,10.970725999999733,4.0,4.0,2.0,1.0,1.0,1.0,10.0,10.0,6.0,0.0,0.0,0
6.539999999999905,18.345419999999656,18.345419999999656,10.990776999999731,4.0,4.0,2.0,1.0,1.0,1.0,10.0,10.0,6.0,0.0,0.0,0
6.549999999999905,18.385471666666323,18.385471666666323,11.01082799999973,4.0,4.0,2.0,1.0,1.0,1.0,10.0,10.0,6.0,0.0,0.0,0
6.559999999999905,18.42552333333299,18.42552333333299,11.030878999999729,4.0,4.0,2.0,1.0,1.0,1.0,10.0,10.0,6.0,0.0,0.0,0
6.569999999999904,18.465574999999657,18.465574999999657,11.050929999999727,4.0,4.0,2.0,1.0,1.0,1.0,10.0,10.0,6.0,0.0,0.0,0
6.579999999999904,18.505626666666323,18.505626666666323,11.070980999999726,4.0,4.0,2.0,1.0,1.0,1.0,10.0,10.0,6.0,0.0,0.0,0
6.589999999999904,18.54567833333299,18.54567833333299,11.091031999999725,4.0,4.0,2.0,1.0,1.0,1.0,10.0,10.0,6.0,0.0,0.0,0
6.599999999999904,18.585729999999657,18.585729999999657,11.111082999999724,4.0,4.0,2.0,1.0,1.0,1.0,10.0,10.0,6.0,0.0,0.0,0
6.6099999999999035,18.625781666666324,18.625781666666324,11.131133999999722,4.0,4.0,2.0,1.0,1.0,1.0,10.0,10.0,6.0,0.0,0.0,0
6.619999999999903,18.66583333333299,18.66583333333299,11.151184999999721,4.0,4.0,2.0,1.0,1.0,1.0,10.0,10.0,6.0,0.0,0.0,0
6.629999999999903,18.705884999999657,18.705884999999657,11.17123599999972,4.0,4.0,2.0,1.0,1.0,1.0,10.0,10.0,6.0,0.0,0.0,0
6.639999999999903,18.745936666666324,18.745936666666324,11.191286999999718,4.0,4.0,2.0,1.0,1.0,1.0,10.0,10.0,6.0,0.0,0.0,0
6.649999999999903,18.78598833333299,18.78598833333299,11.211337999999717,4.0,4.0,2.0,1.0,1.0,1.0,10.0,10.0,6.0,0.0,0.0,0
6.659999999999902,18.826039999999658,18.826039999999658,11.231388999999716,4.0,4.0,2.0,1.0,1.0,1.0,10.0,10.0,6.0,0.0,0.0,0
6.669999999999902,18.866091666666325,18.866091666666325,11.251439999999715,4.0,4.0,2.0,1.0,1.0,1.0,10.0,10.0,6.0,0.0,0.0,0
6.679999999999902,18.90614333333299,18.90614333333299,11.271490999999713,4.0,4.0,2.0,1.0,1.0,1.0,10.0,10.0,6.0,0.0,0.0,0
6.689999999999902,18.94619499999966,18.94619499999966,11.291541999999712,4.0,4.0,2.0,1.0,1.0,1.0,10.0,10.0,6.0,0.0,0.0,0
6.699999999999902,18.986246666666325,18.986246666666325,11.31159299999971,4.0,4.0,2.0,1.0,1.0,1.0,10.0,10.0,6.0,0.0,0.0,0
6.709999999999901,19.026298333332992,19.026298333332992,11.33164399999971,4.0,4.0,2.0,1.0,1.0,1.0,10.0,10.0,6.0,0.0,0.0,0
6.719999999999901,19.06634999999966,19.06634999999966,11.351694999999708,4.0,4.0,2.0,1.0,1.0,1.0,10.0,10.0,6.0,0.0,0.0,0
6.729999999999901,19.106401666666326,19.106401666666326,11.371745999999707,4.0,4.0,2.0,1.0,1.0,1.0,10.0,10.0,6.0,0.0,0.0,0
6.739999999999901,19.146453333332992,19.146453333332992,11.391796999999706,4.0,4.0,2.0,1.0,1.0,1.0,10.0,10.0,6.0,0.0,0.0,0
6.7499999999999005,19.18650499999966,19.18650499999966,11.411847999999704,4.0,4.0,2.0,1.0,1.0,1.0,10.0,10.0,6.0,0.0,0.0,0
6.7599999999999,19.226556666666326,19.226556666666326,11.431898999999703,4.0,4.0,2.0,1.0,1.0,1.0,10.0,10.0,6.0,0.0,0.0,0
6.7699999999999,19.266608333332993,19.266608333332993,11.451949999999702,4.0,4.0,2.0,1.0,1.0,1.0,10.0,10.0,6.0,0.0,0.0,0
6.7799999999999,19.30665999999966,19.30665999999966,11.4720009999997,4.0,4.0,2.0,1.0,1.0,1.0,10.0,10.0,6.0,0.0,0.0,0
6.7899999999999,19.346711666666327,19.346711666666327,11.492051999999699,4.0,4.0,2.0,1.0,1.0,1.0,10.0,10.0,6.0,0.0,0.0,0
6.7999999999998995,19.386763333332993,19.386763333332993,11.512102999999698,4.0,4.0,2.0,1.0,1.0,1.0,10.0,10.0,6.0,0.0,0.0,0
6.809999999999899,19.42681499999966,19.42681499999966,11.532153999999696,4.0,4.0,2.0,1.0,1.0,1.0,10.0,10.0,6.0,0.0,0.0,0
6.819999999999899,19.466866666666327,19.466866666666327,11.552204999999695,4.0,4.0,2.0,1.0,1.0,1.0,10.0,10.0,6.0,0.0,0.0,0
6.829999999999899,19.506918333332994,19.506918333332994,11.572255999999694,4.0,4.0,2.0,1.0,1.0,1.0,10.0,10.0,6.0,0.0,0.0,0
6.839999999999899,19.54696999999966,19.54696999999966,11.592306999999693,4.0,4.0,2.0,1.0,1.0,1.0,10.0,10.0,6.0,0.0,0.0,0
6.849999999999898,19.587021666666327,19.587021666666327,11.612357999999691,4.0,4.0,2.0,1.0,1.0,1.0,10.0,10.0,6.0,0.0,0.0,0
6.859999999999898,19.627073333332994,19.627073333332994,11.63240899999969,4.0,4.0,2.0,1.0,1.0,1.0,10.0,10.0,6.0,0.0,0.0,0
6.869999999999898,19.66712499999966,19.66712499999966,11.652459999999689,4.0,4.0,2.0,1.0,1.0,1.0,10.0,10.0,6.0,0.0,0.0,0
6.879999999999898,19.707176666666328,19.707176666666328,11.672510999999687,4.0,4.0,2.0,1.0,1.0,1.0,10.0,10.0,6.0,0.0,0.0,0
6.8899999999998975,19.747228333332995,19.747228333332995,11.692561999999686,4.0,4.0,2.0,1.0,1.0,1.0,10.0,10.0,6.0,0.0,0.0,0
6.899999999999897,19.78727999999966,19.78727999999966,11.712612999999685,4.0,4.0,2.0,1.0,1.0,1.0,10.0,10.0,6.0,0.0,0.0,0
6.909999999999897,19.82733166666633,19.82733166666633,11.732663999999684,4.0,4.0,2.0,1.0,1.0,1.0,10.0,10.0,6.0,0.0,0.0,0
6.919999999999897,19.867383333332995,19.867383333332995,11.752714999999682,4.0,4.0,2.0,1.0,1.0,1.0,10.0,10.0,6.0,0.0,0.0,0
6.929999999999897,19.907434999999662,19.907434999999662,11.772765999999681,4.0,4.0,2.0,1.0,1.0,1.0,10.0,10.0,6.0,0.0,0.0,0
6.9399999999998965,19.94748666666633,19.94748666666633,11.79281699999968,4.0,4.0,2.0,1.0,1.0,1.0,10.0,10.0,6.0,0.0,0.0,0
6.949999999999896,19.987538333332996,19.987538333332996,11.812867999999678,4.0,4.0,2.0,1.0,1.0,1.0,10.0,10.0,6.0,0.0,0.0,0
6.959999999999896,20.027589999999662,20.027589999999662,11.832918999999677,4.0,4.0,2.0,1.0,1.0,1.0,10.0,10.0,6.0,0.0,0.0,0
6.969999999999896,20.06764166666633,20.06764166666633,11.852969999999676,4.0,4.0,2.0,1.0,1.0,1.0,10.0,10.0,6.0,0.0,0.0,0
6.979999999999896,20.107693333332996,20.107693333332996,11.873020999999675,4.0,4.0,2.0,1.0,1.0,1.0,10.0,10.0,6.0,0.0,0.0,0
6.989999999999895,20.147744999999663,20.147744999999663,11.893071999999673,4.0,4.0,2.0,1.0,1.0,1.0,10.0,10.0,6.0,0.0,0.0,0
6.999999999999895,20.18779666666633,20.18779666666633,11.913122999999672,4.0,4.0,2.0,1.0,1.0,1.0,10.0,10.0,6.0,0.0,0.0,0
7.009999999999895,20.227848333332997,20.227848333332997,11.93317399999967,4.0,4.0,2.0,1.0,1.0,1.0,10.0,10.0,6.0,0.0,0.0,0
7.019999999999895,20.267899999999663,20.267899999999663,11.95322499999967,4.0,4.0,2.0,1.0,1.0,1.0,10.0,10.0,6.0,0.0,0.0,0
7.0299999999998946,20.30795166666633,20.30795166666633,11.973275999999668,4.0,4.0,2.0,1.0,1.0,1.0,10.0,10.0,6.0,0.0,0.0,0
7.039999999999894,20.348003333332997,20.348003333332997,11.993326999999667,4.0,4.0,2.0,1.0,1.0,1.0,10.0,10.0,6.0,0.0,0.0,0
7.049999999999894,20.388054999999664,20.388054999999664,12.013377999999665,4.0,4.0,2.0,1.0,1.0,1.0,10.0,10.0,6.0,0.0,0.0,0
7.059999999999894,20.42810666666633,20.42810666666633,12.033428999999664,4.0,4.0,2.0,1.0,1.0,1.0,10.0,10.0,6.0,0.0,0.0,0
7.069999999999894,20.468158333332998,20.468158333332998,12.053479999999663,4.0,4.0,2.0,1.0,1.0,1.0,10.0,10.0,6.0,0.0,0.0,0
7.0799999999998935,20.508209999999664,20.508209999999664,12.073530999999662,4.0,4.0,2.0,1.0,1.0,1.0,10.0,10.0,6.0,0.0,0.0,0
7.089999999999893,20.54826166666633,20.54826166666633,12.09358199999966,4.0,4.0,2.0,1.0,1.0,1.0,10.0,10.0,6.0,0.0,0.0,0
7.099999999999893,20.588313333332998,20.588313333332998,12.113632999999659,4.0,4.0,2.0,1.0,1.0,1.0,10.0,10.0,6.0,0.0,0.0,0
7.109999999999893,20.628364999999665,20.628364999999665,12.133683999999658,4.0,4.0,2.0,1.0,1.0,1.0,10.0,10.0,6.0,0.0,0.0,0
7.119999999999893,20.66841666666633,20.66841666666633,12.153734999999656,4.0,4.0,2.0,1.0,1.0,1.0,10.0,10.0,6.0,0.0,0.0,0
7.129999999999892,20.708468333333,20.708468333333,12.173785999999655,4.0,4.0,2.0,1.0,1.0,1.0,10.0,10.0,6.0,0.0,0.0,0
7.139999999999892,20.748519999999665,20.748519999999665,12.193836999999654,4.0,4.0,2.0,1.0,1.0,1.0,10.0,10.0,6.0,0.0,0.0,0
7.149999999999892,20.788571666666332,20.788571666666332,12.213887999999653,4.0,4.0,2.0,1.0,1.0,1.0,10.0,10.0,6.0,0.0,0.0,0
7.159999999999892,20.828623333333,20.828623333333,12.233938999999651,4.0,4.0,2.0,1.0,1.0,1.0,10.0,10.0,6.0,0.0,0.0,0
7.169999999999892,20.868674999999666,20.868674999999666,12.25398999999965,4.0,4.0,2.0,1.0,1.0,1.0,10.0,10.0,6.0,0.0,0.0,0
7.179999999999891,20.908726666666333,20.908726666666333,12.274040999999649,4.0,4.0,2.0,1.0,1.0,1.0,10.0,10.0,6.0,0.0,0.0,0
7.189999999999891,20.948778333333,20.948778333333,12.294091999999647,4.0,4.0,2.0,1.0,1.0,1.0,10.0,10.0,6.0,0.0,0.0,0
7.199999999999891,20.988829999999666,20.988829999999666,12.314142999999646,4.0,4.0,2.0,1.0,1.0,1.0,10.0,10.0,6.0,0.0,0.0,0
7.209999999999891,21.028881666666333,21.028881666666333,12.334193999999645,4.0,4.0,2.0,1.0,1.0,1.0,10.0,10.0,6.0,0.0,0.0,0
7.2199999999998905,21.068933333333,21.068933333333,12.354244999999644,4.0,4.0,2.0,1.0,1.0,1.0,10.0,10.0,6.0,0.0,0.0,0
7.22999999999989,21.108984999999667,21.108984999999667,12.374295999999642,4.0,4.0,2.0,1.0,1.0,1.0,10.0,10.0,6.0,0.0,0.0,0
7.23999999999989,21.149036666666333,21.149036666666333,12.394346999999641,4.0,4.0,2.0,1.0,1.0,1.0,10.0,10.0,6.0,0.0,0.0,0
7.24999999999989,21.189088333333,21.189088333333,12.41439799999964,4.0,4.0,2.0,1.0,1.0,1.0,10.0,10.0,6.0,0.0,0.0,0
7.25999999999989,21.229139999999667,21.229139999999667,12.434448999999638,4.0,4.0,2.0,1.0,1.0,1.0,10.0,10.0,6.0,0.0,0.0,0
7.269999999999889,21.269191666666334,21.269191666666334,12.454499999999637,4.0,4.0,2.0,1.0,1.0,1.0,10.0,10.0,6.0,0.0,0.0,0
7.279999999999889,21.309243333333,21.309243333333,12.474550999999636,4.0,4.0,2.0,1.0,1.0,1.0,10.0,10.0,6.0,0.0,0.0,0
7.289999999999889,21.349294999999668,21.349294999999668,12.494601999999635,4.0,4.0,2.0,1.0,1.0,1.0,10.0,10.0,6.0,0.0,0.0,0
7.299999999999889,21.389346666666334,21.389346666666334,12.514652999999633,4.0,4.0,2.0,1.0,1.0,1.0,10.0,10.0,6.0,0.0,0.0,0
7.309999999999889,21.429398333333,21.429398333333,12.534703999999632,4.0,4.0,2.0,1.0,1.0,1.0,10.0,10.0,6.0,0.0,0.0,0
7.319999999999888,21.469449999999668,21.469449999999668,12.55475499999963,4.0,4.0,2.0,1.0,1.0,1.0,10.0,10.0,6.0,0.0,0.0,0
7.329999999999888,21.509501666666335,21.509501666666335,12.57480599999963,4.0,4.0,2.0,1.0,1.0,1.0,10.0,10.0,6.0,0.0,0.0,0
7.339999999999888,21.549553333333,21.549553333333,12.594856999999628,4.0,4.0,2.0,1.0,1.0,1.0,10.0,10.0,6.0,0.0,0.0,0
7.349999999999888,21.58960499999967,21.58960499999967,12.614907999999627,4.0,4.0,2.0,1.0,1.0,1.0,10.0,10.0,6.0,0.0,0.0,0
7.3599999999998875,21.629656666666335,21.629656666666335,12.634958999999625,4.0,4.0,2.0,1.0,1.0,1.0,10.0,10.0,6.0,0.0,0.0,0
7.369999999999887,21.669708333333002,21.669708333333002,12.655009999999624,4.0,4.0,2.0,1.0,1.0,1.0,10.0,10.0,6.0,0.0,0.0,0
7.379999999999887,21.70975999999967,21.70975999999967,12.675060999999623,4.0,4.0,2.0,1.0,1.0,1.0,10.0,10.0,6.0,0.0,0.0,0
7.389999999999887,21.749811666666336,21.749811666666336,12.695111999999622,4.0,4.0,2.0,1.0,1.0,1.0,10.0,10.0,6.0,0.0,0.0,0
7.399999999999887,21.789863333333003,21.789863333333003,12.71516299999962,4.0,4.0,2.0,1.0,1.0,1.0,10.0,10.0,6.0,0.0,0.0,0
7.4099999999998865,21.82991499999967,21.82991499999967,12.735213999999619,4.0,4.0,2.0,1.0,1.0,1.0,10.0,10.0,6.0,0.0,0.0,0
7.419999999999886,21.869966666666336,21.869966666666336,12.755264999999618,4.0,4.0,2.0,1.0,1.0,1.0,10.0,10.0,6.0,0.0,0.0,0
7.429999999999886,21.910018333333003,21.910018333333003,12.775315999999616,4.0,4.0,2.0,1.0,1.0,1.0,10.0,10.0,6.0,0.0,0.0,0
7.439999999999886,21.95006999999967,21.95006999999967,12.795366999999615,4.0,4.0,2.0,1.0,1.0,1.0,10.0,10.0,6.0,0.0,0.0,0
7.449999999999886,21.990121666666337,21.990121666666337,12.815417999999614,4.0,4.0,2.0,1.0,1.0,1.0,10.0,10.0,6.0,0.0,0.0,0
7.459999999999885,22.030173333333003,22.030173333333003,12.835468999999613,4.0,4.0,2.0,1.0,1.0,1.0,10.0,10.0,6.0,0.0,0.0,0
7.469999999999885,22.07022499999967,22.07022499999967,12.855519999999611,4.0,4.0,2.0,1.0,1.0,1.0,10.0,10.0,6.0,0.0,0.0,0
7.479999999999885,22.110276666666337,22.110276666666337,12.87557099999961,4.0,4.0,2.0,1.0,1.0,1.0,10.0,10.0,6.0,0.0,0.0,0
7.489999999999885,22.150328333333004,22.150328333333004,12.895621999999609,4.0,4.0,2.0,1.0,1.0,1.0,10.0,10.0,6.0,0.0,0.0,0
7.4999999999998845,22.19037999999967,22.19037999999967,12.915672999999607,4.0,4.0,2.0,1.0,1.0,1.0,10.0,10.0,6.0,0.0,0.0,0
7.509999999999884,22.230431666666338,22.230431666666338,12.935723999999606,4.0,4.0,2.0,1.0,1.0,1.0,10.0,10.0,6.0,0.0,0.0,0
7.519999999999884,22.270483333333004,22.270483333333004,12.955774999999605,4.0,4.0,2.0,1.0,1.0,1.0,10.0,10.0,6.0,0.0,0.0,0
7.529999999999884,22.31053499999967,22.31053499999967,12.975825999999604,4.0,4.0,2.0,1.0,1.0,1.0,10.0,10.0,6.0,0.0,0.0,0
7.539999999999884,22.350586666666338,22.350586666666338,12.995876999999602,4.0,4.0,2.0,1.0,1.0,1.0,10.0,10.0,6.0,0.0,0.0,0
7.5499999999998835,22.390638333333005,22.390638333333005,13.015927999999601,4.0,4.0,2.0,1.0,1.0,1.0,10.0,10.0,6.0,0.0,0.0,0
7.559999999999883,22.43068999999967,22.43068999999967,13.0359789999996,4.0,4.0,2.0,1.0,1.0,1.0,10.0,10.0,6.0,0.0,0.0,0
7.569999999999883,22.47074166666634,22.47074166666634,13.056029999999598,4.0,4.0,2.0,1.0,1.0,1.0,10.0,10.0,6.0,0.0,0.0,0
7.579999999999883,22.510793333333005,22.510793333333005,13.076080999999597,4.0,4.0,2.0,1.0,1.0,1.0,10.0,10.0,6.0,0.0,0.0,0
7.589999999999883,22.550844999999672,22.550844999999672,13.096131999999596,4.0,4.0,2.0,1.0,1.0,1.0,10.0,10.0,6.0,0.0,0.0,0
7.599999999999882,22.59089666666634,22.59089666666634,13.116182999999594,4.0,4.0,2.0,1.0,1.0,1.0,10.0,10.0,6.0,0.0,0.0,0
7.609999999999882,22.630948333333006,22.630948333333006,13.136233999999593,4.0,4.0,2.0,1.0,1.0,1.0,10.0,10.0,6.0,0.0,0.0,0
7.619999999999882,22.670999999999673,22.670999999999673,13.156284999999592,4.0,4.0,2.0,1.0,1.0,1.0,10.0,10.0,6.0,0.0,0.0,0
7.629999999999882,22.71105166666634,22.71105166666634,13.17633599999959,4.0,4.0,2.0,1.0,1.0,1.0,10.0,10.0,6.0,0.0,0.0,0
7.6399999999998816,22.751103333333006,22.751103333333006,13.19638699999959,4.0,4.0,2.0,1.0,1.0,1.0,10.0,10.0,6.0,0.0,0.0,0
7.649999999999881,22.791154999999673,22.791154999999673,13.216437999999588,4.0,4.0,2.0,1.0,1.0,1.0,10.0,10.0,6.0,0.0,0.0,0
7.659999999999881,22.83120666666634,22.83120666666634,13.236488999999587,4.0,4.0,2.0,1.0,1.0,1.0,10.0,10.0,6.0,0.0,0.0,0
7.669999999999881,22.871258333333007,22.871258333333007,13.256539999999585,4.0,4.0,2.0,1.0,1.0,1.0,10.0,10.0,6.0,0.0,0.0,0
7.679999999999881,22.911309999999673,22.911309999999673,13.276590999999584,4.0,4.0,2.0,1.0,1.0,1.0,10.0,10.0,6.0,0.0,0.0,0
7.6899999999998805,22.95136166666634,22.95136166666634,13.296641999999583,4.0,4.0,2.0,1.0,1.0,1.0,10.0,10.0,6.0,0.0,0.0,0
7.69999999999988,22.991413333333007,22.991413333333007,13.316692999999582,4.0,4.0,2.0,1.0,1.0,1.0,10.0,10.0,6.0,0.0,0.0,0
7.70999999999988,23.031464999999674,23.031464999999674,13.33674399999958,4.0,4.0,2.0,1.0,1.0,1.0,10.0,10.0,6.0,0.0,0.0,0
7.71999999999988,23.07151666666634,23.07151666666634,13.356794999999579,4.0,4.0,2.0,1.0,1.0,1.0,10.0,10.0,6.0,0.0,0.0,0
7.72999999999988,23.111568333333008,23.111568333333008,13.376845999999578,4.0,4.0,2.0,1.0,1.0,1.0,10.0,10.0,6.0,0.0,0.0,0
7.739999999999879,23.151619999999674,23.151619999999674,13.396896999999576,4.0,4.0,2.0,1.0,1.0,1.0,10.0,10.0,6.0,0.0,0.0,0
7.749999999999879,23.19167166666634,23.19167166666634,13.416947999999575,4.0,4.0,2.0,1.0,1.0,1.0,10.0,10.0,6.0,0.0,0.0,0
7.759999999999879,23.231723333333008,23.231723333333008,13.436998999999574,4.0,4.0,2.0,1.0,1.0,1.0,10.0,10.0,6.0,0.0,0.0,0
7.769999999999879,23.271774999999675,23.271774999999675,13.457049999999573,4.0,4.0,2.0,1.0,1.0,1.0,10.0,10.0,6.0,0.0,0.0,0
7.779999999999879,23.31182666666634,23.31182666666634,13.477100999999571,4.0,4.0,2.0,1.0,1.0,1.0,10.0,10.0,6.0,0.0,0.0,0
7.789999999999878,23.35187833333301,23.35187833333301,13.49715199999957,4.0,4.0,2.0,1.0,1.0,1.0,10.0,10.0,6.0,0.0,0.0,0
7.799999999999878,23.391929999999675,23.391929999999675,13.517202999999569,4.0,4.0,2.0,1.0,1.0,1.0,10.0,10.0,6.0,0.0,0.0,0
7.809999999999878,23.431981666666342,23.431981666666342,13.537253999999567,4.0,4.0,2.0,1.0,1.0,1.0,10.0,10.0,6.0,0.0,0.0,0
7.819999999999878,23.47203333333301,23.47203333333301,13.557304999999566,4.0,4.0,2.0,1.0,1.0,1.0,10.0,10.0,6.0,0.0,0.0,0
7.8299999999998775,23.512084999999676,23.512084999999676,13.577355999999565,4.0,4.0,2.0,1.0,1.0,1.0,10.0,10.0,6.0,0.0,0.0,0
7.839999999999877,23.552136666666343,23.552136666666343,13.597406999999563,4.0,4.0,2.0,1.0,1.0,1.0,10.0,10.0,6.0,0.0,0.0,0
7.849999999999877,23.59218833333301,23.59218833333301,13.617457999999562,4.0,4.0,2.0,1.0,1.0,1.0,10.0,10.0,6.0,0.0,0.0,0
7.859999999999877,23.632239999999676,23.632239999999676,13.637508999999561,4.0,4.0,2.0,1.0,1.0,1.0,10.0,10.0,6.0,0.0,0.0,0
7.869999999999877,23.672291666666343,23.672291666666343,13.65755999999956,4.0,4.0,2.0,1.0,1.0,1.0,10.0,10.0,6.0,0.0,0.0,0
7.879999999999876,23.71234333333301,23.71234333333301,13.677610999999558,4.0,4.0,2.0,1.0,1.0,1.0,10.0,10.0,6.0,0.0,0.0,0
7.889999999999876,23.752394999999677,23.752394999999677,13.697661999999557,4.0,4.0,2.0,1.0,1.0,1.0,10.0,10.0,6.0,0.0,0.0,0
7.899999999999876,23.792446666666343,23.792446666666343,13.717712999999556,4.0,4.0,2.0,1.0,1.0,1.0,10.0,10.0,6.0,0.0,0.0,0
7.909999999999876,23.83249833333301,23.83249833333301,13.737763999999554,4.0,4.0,2.0,1.0,1.0,1.0,10.0,10.0,6.0,0.0,0.0,0
7.919999999999876,23.872549999999677,23.872549999999677,13.757814999999553,4.0,4.0,2.0,1.0,1.0,1.0,10.0,10.0,6.0,0.0,0.0,0
7.929999999999875,23.912601666666344,23.912601666666344,13.777865999999552,4.0,4.0,2.0,1.0,1.0,1.0,10.0,10.0,6.0,0.0,0.0,0
7.939999999999875,23.95265333333301,23.95265333333301,13.79791699999955,4.0,4.0,2.0,1.0,1.0,1.0,10.0,10.0,6.0,0.0,0.0,0
7.949999999999875,23.992704999999678,23.992704999999678,13.81796799999955,4.0,4.0,2.0,1.0,1.0,1.0,10.0,10.0,6.0,0.0,0.0,0
7.959999999999875,24.032756666666344,24.032756666666344,13.838018999999548,4.0,4.0,2.0,1.0,1.0,1.0,10.0,10.0,6.0,0.0,0.0,0
7.9699999999998745,24.07280833333301,24.07280833333301,13.858069999999547,4.0,4.0,2.0,1.0,1.0,1.0,10.0,10.0,6.0,0.0,0.0,0
7.979999999999874,24.112859999999678,24.112859999999678,13.878120999999545,4.0,4.0,2.0,1.0,1.0,1.0,10.0,10.0,6.0,0.0,0.0,0
7.989999999999874,24.152911666666345,24.152911666666345,13.898171999999544,4.0,4.0,2.0,1.0,1.0,1.0,10.0,10.0,6.0,0.0,0.0,0
7.999999999999874,24.19296333333301,24.19296333333301,13.918222999999543,4.0,4.0,2.0,1.0,1.0,1.0,10.0,10.0,6.0,0.0,0.0,0
8.009999999999874,24.23301499999968,24.23301499999968,13.938273999999542,4.0,4.0,2.0,1.0,1.0,1.0,10.0,10.0,6.0,0.0,0.0,0
8.019999999999873,24.273066666666345,24.273066666666345,13.95832499999954,4.0,4.0,2.0,1.0,1.0,1.0,10.0,10.0,6.0,0.0,0.0,0
8.029999999999873,24.313118333333012,24.313118333333012,13.978375999999539,4.0,4.0,2.0,1.0,1.0,1.0,10.0,10.0,6.0,0.0,0.0,0
8.039999999999873,24.35316999999968,24.35316999999968,13.998426999999538,4.0,4.0,2.0,1.0,1.0,1.0,10.0,10.0,6.0,0.0,0.0,0
8.049999999999873,24.393221666666346,24.393221666666346,14.018477999999536,4.0,4.0,2.0,1.0,1.0,1.0,10.0,10.0,6.0,0.0,0.0,0
8.059999999999873,24.433273333333013,24.433273333333013,14.038528999999535,4.0,4.0,2.0,1.0,1.0,1.0,10.0,10.0,6.0,0.0,0.0,0
8.069999999999872,24.47332499999968,24.47332499999968,14.058579999999534,4.0,4.0,2.0,1.0,1.0,1.0,10.0,10.0,6.0,0.0,0.0,0
8.079999999999872,24.513376666666346,24.513376666666346,14.078630999999532,4.0,4.0,2.0,1.0,1.0,1.0,10.0,10.0,6.0,0.0,0.0,0
8.089999999999872,24.553428333333013,24.553428333333013,14.098681999999531,4.0,4.0,2.0,1.0,1.0,1.0,10.0,10.0,6.0,0.0,0.0,0
8.099999999999872,24.59347999999968,24.59347999999968,14.11873299999953,4.0,4.0,2.0,1.0,1.0,1.0,10.0,10.0,6.0,0.0,0.0,0
8.109999999999872,24.633531666666347,24.633531666666347,14.138783999999529,4.0,4.0,2.0,1.0,1.0,1.0,10.0,10.0,6.0,0.0,0.0,0
8.119999999999871,24.673583333333013,24.673583333333013,14.158834999999527,4.0,4.0,2.0,1.0,1.0,1.0,10.0,10.0,6.0,0.0,0.0,0
8.129999999999871,24.71363499999968,24.71363499999968,14.178885999999526,4.0,4.0,2.0,1.0,1.0,1.0,10.0,10.0,6.0,0.0,0.0,0
8.139999999999871,24.753686666666347,24.753686666666347,14.198936999999525,4.0,4.0,2.0,1.0,1.0,1.0,10.0,10.0,6.0,0.0,0.0,0
8.14999999999987,24.793738333333014,24.793738333333014,14.218987999999523,4.0,4.0,2.0,1.0,1.0,1.0,10.0,10.0,6.0,0.0,0.0,0
8.15999999999987,24.83378999999968,24.83378999999968,14.239038999999522,4.0,4.0,2.0,1.0,1.0,1.0,10.0,10.0,6.0,0.0,0.0,0
8.16999999999987,24.873841666666348,24.873841666666348,14.25908999999952,4.0,4.0,2.0,1.0,1.0,1.0,10.0,10.0,6.0,0.0,0.0,0
8.17999999999987,24.913893333333014,24.913893333333014,14.27914099999952,4.0,4.0,2.0,1.0,1.0,1.0,10.0,10.0,6.0,0.0,0.0,0
8.18999999999987,24.95394499999968,24.95394499999968,14.299191999999518,4.0,4.0,2.0,1.0,1.0,1.0,10.0,10.0,6.0,0.0,0.0,0
8.19999999999987,24.993996666666348,24.993996666666348,14.319242999999517,4.0,4.0,2.0,1.0,1.0,1.0,10.0,10.0,6.0,0.0,0.0,0
8.20999999999987,25.034048333333015,25.034048333333015,14.339293999999516,4.0,4.0,2.0,1.0,1.0,1.0,10.0,10.0,6.0,0.0,0.0,0
8.21999999999987,25.07409999999968,25.07409999999968,14.359344999999514,4.0,4.0,2.0,1.0,1.0,1.0,10.0,10.0,6.0,0.0,0.0,0
8.229999999999869,25.11415166666635,25.11415166666635,14.379395999999513,4.0,4.0,2.0,1.0,1.0,1.0,10.0,10.0,6.0,0.0,0.0,0
8.239999999999869,25.154203333333015,25.154203333333015,14.399446999999512,4.0,4.0,2.0,1.0,1.0,1.0,10.0,10.0,6.0,0.0,0.0,0
8.249999999999869,25.194254999999682,25.194254999999682,14.41949799999951,4.0,4.0,2.0,1.0,1.0,1.0,10.0,10.0,6.0,0.0,0.0,0
8.259999999999868,25.23430666666635,25.23430666666635,14.43954899999951,4.0,4.0,2.0,1.0,1.0,1.0,10.0,10.0,6.0,0.0,0.0,0
8.269999999999868,25.274358333333016,25.274358333333016,14.459599999999508,4.0,4.0,2.0,1.0,1.0,1.0,10.0,10.0,6.0,0.0,0.0,0
8.279999999999868,25.314409999999683,25.314409999999683,14.479650999999507,4.0,4.0,2.0,1.0,1.0,1.0,10.0,10.0,6.0,0.0,0.0,0
8.289999999999868,25.35446166666635,25.35446166666635,14.499701999999505,4.0,4.0,2.0,1.0,1.0,1.0,10.0,10.0,6.0,0.0,0.0,0
8.299999999999867,25.394513333333016,25.394513333333016,14.519752999999504,4.0,4.0,2.0,1.0,1.0,1.0,10.0,10.0,6.0,0.0,0.0,0
8.309999999999867,25.434564999999683,25.434564999999683,14.539803999999503,4.0,4.0,2.0,1.0,1.0,1.0,10.0,10.0,6.0,0.0,0.0,0
8.319999999999867,25.47461666666635,25.47461666666635,14.559854999999502,4.0,4.0,2.0,1.0,1.0,1.0,10.0,10.0,6.0,0.0,0.0,0
8.329999999999867,25.514668333333017,25.514668333333017,14.5799059999995,4.0,4.0,2.0,1.0,1.0,1.0,10.0,10.0,6.0,0.0,0.0,0
8.339999999999867,25.554719999999683,25.554719999999683,14.599956999999499,4.0,4.0,2.0,1.0,1.0,1.0,10.0,10.0,6.0,0.0,0.0,0
8.349999999999866,25.59477166666635,25.59477166666635,14.620007999999498,4.0,4.0,2.0,1.0,1.0,1.0,10.0,10.0,6.0,0.0,0.0,0
8.359999999999866,25.634823333333017,25.634823333333017,14.640058999999496,4.0,4.0,2.0,1.0,1.0,1.0,10.0,10.0,6.0,0.0,0.0,0
8.369999999999866,25.674874999999684,25.674874999999684,14.660109999999495,4.0,4.0,2.0,1.0,1.0,1.0,10.0,10.0,6.0,0.0,0.0,0
8.379999999999866,25.71492666666635,25.71492666666635,14.680160999999494,4.0,4.0,2.0,1.0,1.0,1.0,10.0,10.0,6.0,0.0,0.0,0
8.389999999999866,25.754978333333018,25.754978333333018,14.700211999999492,4.0,4.0,2.0,1.0,1.0,1.0,10.0,10.0,6.0,0.0,0.0,0
8.399999999999865,25.795029999999684,25.795029999999684,14.720262999999491,4.0,4.0,2.0,1.0,1.0,1.0,10.0,10.0,6.0,0.0,0.0,0
8.409999999999865,25.83508166666635,25.83508166666635,14.74031399999949,4.0,4.0,2.0,1.0,1.0,1.0,10.0,10.0,6.0,0.0,0.0,0
8.419999999999865,25.875133333333018,25.875133333333018,14.760364999999489,4.0,4.0,2.0,1.0,1.0,1.0,10.0,10.0,6.0,0.0,0.0,0
8.429999999999865,25.915184999999685,25.915184999999685,14.780415999999487,4.0,4.0,2.0,1.0,1.0,1.0,10.0,10.0,6.0,0.0,0.0,0
8.439999999999864,25.95523666666635,25.95523666666635,14.800466999999486,4.0,4.0,2.0,1.0,1.0,1.0,10.0,10.0,6.0,0.0,0.0,0
8.449999999999864,25.99528833333302,25.99528833333302,14.820517999999485,4.0,4.0,2.0,1.0,1.0,1.0,10.0,10.0,6.0,0.0,0.0,0
8.459999999999864,26.035339999999685,26.035339999999685,14.840568999999483,4.0,4.0,2.0,1.0,1.0,1.0,10.0,10.0,6.0,0.0,0.0,0
8.469999999999864,26.075391666666352,26.075391666666352,14.860619999999482,4.0,4.0,2.0,1.0,1.0,1.0,10.0,10.0,6.0,0.0,0.0,0
8.479999999999864,26.11544333333302,26.11544333333302,14.88067099999948,4.0,4.0,2.0,1.0,1.0,1.0,10.0,10.0,6.0,0.0,0.0,0
8.489999999999863,26.155494999999686,26.155494999999686,14.90072199999948,4.0,4.0,2.0,1.0,1.0,1.0,10.0,10.0,6.0,0.0,0.0,0
8.499999999999863,26.195546666666353,26.195546666666353,14.920772999999478,4.0,4.0,2.0,1.0,1.0,1.0,10.0,10.0,6.0,0.0,0.0,0
8.509999999999863,26.23559833333302,26.23559833333302,14.940823999999477,4.0,4.0,2.0,1.0,1.0,1.0,10.0,10.0,6.0,0.0,0.0,0
8.519999999999863,26.275649999999686,26.275649999999686,14.960874999999476,4.0,4.0,2.0,1.0,1.0,1.0,10.0,10.0,6.0,0.0,0.0,0
8.529999999999863,26.315701666666353,26.315701666666353,14.980925999999474,4.0,4.0,2.0,1.0,1.0,1.0,10.0,10.0,6.0,0.0,0.0,0
8.539999999999862,26.35575333333302,26.35575333333302,15.000976999999473,4.0,4.0,2.0,1.0,1.0,1.0,10.0,10.0,6.0,0.0,0.0,0
8.549999999999862,26.395804999999687,26.395804999999687,15.021027999999472,4.0,4.0,2.0,1.0,1.0,1.0,10.0,10.0,6.0,0.0,0.0,0
8.559999999999862,26.435856666666353,26.435856666666353,15.04107899999947,4.0,4.0,2.0,1.0,1.0,1.0,10.0,10.0,6.0,0.0,0.0,0
8.569999999999862,26.47590833333302,26.47590833333302,15.06112999999947,4.0,4.0,2.0,1.0,1.0,1.0,10.0,10.0,6.0,0.0,0.0,0
8.579999999999862,26.515959999999687,26.515959999999687,15.081180999999468,4.0,4.0,2.0,1.0,1.0,1.0,10.0,10.0,6.0,0.0,0.0,0
8.589999999999861,26.556011666666354,26.556011666666354,15.101231999999467,4.0,4.0,2.0,1.0,1.0,1.0,10.0,10.0,6.0,0.0,0.0,0
8.599999999999861,26.59606333333302,26.59606333333302,15.121282999999465,4.0,4.0,2.0,1.0,1.0,1.0,10.0,10.0,6.0,0.0,0.0,0
8.60999999999986,26.636114999999688,26.636114999999688,15.141333999999464,4.0,4.0,2.0,1.0,1.0,1.0,10.0,10.0,6.0,0.0,0.0,0
8.61999999999986,26.676166666666354,26.676166666666354,15.161384999999463,4.0,4.0,2.0,1.0,1.0,1.0,10.0,10.0,6.0,0.0,0.0,0
8.62999999999986,26.71621833333302,26.71621833333302,15.181435999999461,4.0,4.0,2.0,1.0,1.0,1.0,10.0,10.0,6.0,0.0,0.0,0
8.63999999999986,26.756269999999688,26.756269999999688,15.20148699999946,4.0,4.0,2.0,1.0,1.0,1.0,10.0,10.0,6.0,0.0,0.0,0
8.64999999999986,26.796321666666355,26.796321666666355,15.221537999999459,4.0,4.0,2.0,1.0,1.0,1.0,10.0,10.0,6.0,0.0,0.0,0
8.65999999999986,26.83637333333302,26.83637333333302,15.241588999999458,4.0,4.0,2.0,1.0,1.0,1.0,10.0,10.0,6.0,0.0,0.0,0
8.66999999999986,26.87642499999969,26.87642499999969,15.261639999999456,4.0,4.0,2.0,1.0,1.0,1.0,10.0,10.0,6.0,0.0,0.0,0
8.67999999999986,26.916476666666355,26.916476666666355,15.281690999999455,4.0,4.0,2.0,1.0,1.0,1.0,10.0,10.0,6.0,0.0,0.0,0
8.68999999999986,26.956528333333022,26.956528333333022,15.301741999999454,4.0,4.0,2.0,1.0,1.0,1.0,10.0,10.0,6.0,0.0,0.0,0
8.699999999999859,26.99657999999969,26.99657999999969,15.321792999999452,4.0,4.0,2.0,1.0,1.0,1.0,10.0,10.0,6.0,0.0,0.0,0
8.709999999999859,27.036631666666356,27.036631666666356,15.341843999999451,4.0,4.0,2.0,1.0,1.0,1.0,10.0,10.0,6.0,0.0,0.0,0
8.719999999999859,27.076683333333023,27.076683333333023,15.36189499999945,4.0,4.0,2.0,1.0,1.0,1.0,10.0,10.0,6.0,0.0,0.0,0
8.729999999999858,27.11673499999969,27.11673499999969,15.381945999999449,4.0,4.0,2.0,1.0,1.0,1.0,10.0,10.0,6.0,0.0,0.0,0
8.739999999999858,27.156786666666356,27.156786666666356,15.401996999999447,4.0,4.0,2.0,1.0,1.0,1.0,10.0,10.0,6.0,0.0,0.0,0
8.749999999999858,27.196838333333023,27.196838333333023,15.422047999999446,4.0,4.0,2.0,1.0,1.0,1.0,10.0,10.0,6.0,0.0,0.0,0
8.759999999999858,27.23688999999969,27.23688999999969,15.442098999999445,4.0,4.0,2.0,1.0,1.0,1.0,10.0,10.0,6.0,0.0,0.0,0
8.769999999999857,27.276941666666357,27.276941666666357,15.462149999999443,4.0,4.0,2.0,1.0,1.0,1.0,10.0,10.0,6.0,0.0,0.0,0
8.779999999999857,27.316993333333023,27.316993333333023,15.482200999999442,4.0,4.0,2.0,1.0,1.0,1.0,10.0,10.0,6.0,0.0,0.0,0
8.789999999999857,27.35704499999969,27.35704499999969,15.50225199999944,4.0,4.0,2.0,1.0,1.0,1.0,10.0,10.0,6.0,0.0,0.0,0
8.799999999999857,27.397096666666357,27.397096666666357,15.52230299999944,4.0,4.0,2.0,1.0,1.0,1.0,10.0,10.0,6.0,0.0,0.0,0
8.809999999999857,27.437148333333024,27.437148333333024,15.542353999999438,4.0,4.0,2.0,1.0,1.0,1.0,10.0,10.0,6.0,0.0,0.0,0
8.819999999999856,27.47719999999969,27.47719999999969,15.562404999999437,4.0,4.0,2.0,1.0,1.0,1.0,10.0,10.0,6.0,0.0,0.0,0
8.829999999999856,27.517251666666358,27.517251666666358,15.582455999999436,4.0,4.0,2.0,1.0,1.0,1.0,10.0,10.0,6.0,0.0,0.0,0
8.839999999999856,27.557303333333024,27.557303333333024,15.602506999999434,4.0,4.0,2.0,1.0,1.0,1.0,10.0,10.0,6.0,0.0,0.0,0
8.849999999999856,27.59735499999969,27.59735499999969,15.622557999999433,4.0,4.0,2.0,1.0,1.0,1.0,10.0,10.0,6.0,0.0,0.0,0
8.859999999999856,27.637406666666358,27.637406666666358,15.642608999999432,4.0,4.0,2.0,1.0,1.0,1.0,10.0,10.0,6.0,0.0,0.0,0
8.869999999999855,27.677458333333025,27.677458333333025,15.66265999999943,4.0,4.0,2.0,1.0,1.0,1.0,10.0,10.0,6.0,0.0,0.0,0
8.879999999999855,27.71750999999969,27.71750999999969,15.68271099999943,4.0,4.0,2.0,1.0,1.0,1.0,10.0,10.0,6.0,0.0,0.0,0
8.889999999999855,27.75756166666636,27.75756166666636,15.702761999999428,4.0,4.0,2.0,1.0,1.0,1.0,10.0,10.0,6.0,0.0,0.0,0
8.899999999999855,27.797613333333025,27.797613333333025,15.722812999999427,4.0,4.0,2.0,1.0,1.0,1.0,10.0,10.0,6.0,0.0,0.0,0
8.909999999999854,27.837664999999692,27.837664999999692,15.742863999999425,4.0,4.0,2.0,1.0,1.0,1.0,10.0,10.0,6.0,0.0,0.0,0
8.919999999999854,27.87771666666636,27.87771666666636,15.762914999999424,4.0,4.0,2.0,1.0,1.0,1.0,10.0,10.0,6.0,0.0,0.0,0
8.929999999999854,27.917768333333026,27.917768333333026,15.782965999999423,4.0,4.0,2.0,1.0,1.0,1.0,10.0,10.0,6.0,0.0,0.0,0
8.939999999999854,27.957819999999693,27.957819999999693,15.803016999999421,4.0,4.0,2.0,1.0,1.0,1.0,10.0,10.0,6.0,0.0,0.0,0
8.949999999999854,27.99787166666636,27.99787166666636,15.82306799999942,4.0,4.0,2.0,1.0,1.0,1.0,10.0,10.0,6.0,0.0,0.0,0
8.959999999999853,28.037923333333026,28.037923333333026,15.843118999999419,4.0,4.0,2.0,1.0,1.0,1.0,10.0,10.0,6.0,0.0,0.0,0
8.969999999999853,28.077974999999693,28.077974999999693,15.863169999999418,4.0,4.0,2.0,1.0,1.0,1.0,10.0,10.0,6.0,0.0,0.0,0
8.979999999999853,28.11802666666636,28.11802666666636,15.883220999999416,4.0,4.0,2.0,1.0,1.0,1.0,10.0,10.0,6.0,0.0,0.0,0
8.989999999999853,28.158078333333027,28.158078333333027,15.903271999999415,4.0,4.0,2.0,1.0,1.0,1.0,10.0,10.0,6.0,0.0,0.0,0
8.999999999999853,28.198129999999693,28.198129999999693,15.923322999999414,4.0,4.0,2.0,1.0,1.0,1.0,10.0,10.0,6.0,0.0,0.0,0
9.009999999999852,28.23818166666636,28.23818166666636,15.943373999999412,4.0,4.0,2.0,1.0,1.0,1.0,10.0,10.0,6.0,0.0,0.0,0
9.019999999999852,28.278233333333027,28.278233333333027,15.963424999999411,4.0,4.0,2.0,1.0,1.0,1.0,10.0,10.0,6.0,0.0,0.0,0
9.029999999999852,28.318284999999694,28.318284999999694,15.98347599999941,4.0,4.0,2.0,1.0,1.0,1.0,10.0,10.0,6.0,0.0,0.0,0
9.039999999999852,28.35833666666636,28.35833666666636,16.003526999999412,4.0,4.0,2.0,1.0,1.0,1.0,10.0,10.0,6.0,0.0,0.0,0
9.049999999999851,28.398388333333028,28.398388333333028,16.023577999999414,4.0,4.0,2.0,1.0,1.0,1.0,10.0,10.0,6.0,0.0,0.0,0
9.059999999999851,28.438439999999694,28.438439999999694,16.043628999999417,4.0,4.0,2.0,1.0,1.0,1.0,10.0,10.0,6.0,0.0,0.0,0
9.069999999999851,28.47849166666636,28.47849166666636,16.06367999999942,4.0,4.0,2.0,1.0,1.0,1.0,10.0,10.0,6.0,0.0,0.0,0
9.07999999999985,28.518543333333028,28.518543333333028,16.08373099999942,4.0,4.0,2.0,1.0,1.0,1.0,10.0,10.0,6.0,0.0,0.0,0
9.08999999999985,28.558594999999695,28.558594999999695,16.103781999999423,4.0,4.0,2.0,1.0,1.0,1.0,10.0,10.0,6.0,0.0,0.0,0
9.09999999999985,28.59864666666636,28.59864666666636,16.123832999999426,4.0,4.0,2.0,1.0,1.0,1.0,10.0,10.0,6.0,0.0,0.0,0
9.10999999999985,28.63869833333303,28.63869833333303,16.143883999999428,4.0,4.0,2.0,1.0,1.0,1.0,10.0,10.0,6.0,0.0,0.0,0
9.11999999999985,28.678749999999695,28.678749999999695,16.16393499999943,4.0,4.0,2.0,1.0,1.0,1.0,10.0,10.0,6.0,0.0,0.0,0
9.12999999999985,28.718801666666362,28.718801666666362,16.183985999999432,4.0,4.0,2.0,1.0,1.0,1.0,10.0,10.0,6.0,0.0,0.0,0
9.13999999999985,28.75885333333303,28.75885333333303,16.204036999999435,4.0,4.0,2.0,1.0,1.0,1.0,10.0,10.0,6.0,0.0,0.0,0
9.14999999999985,28.798904999999696,28.798904999999696,16.224087999999437,4.0,4.0,2.0,1.0,1.0,1.0,10.0,10.0,6.0,0.0,0.0,0
9.15999999999985,28.838956666666363,28.838956666666363,16.24413899999944,4.0,4.0,2.0,1.0,1.0,1.0,10.0,10.0,6.0,0.0,0.0,0
9.169999999999849,28.87900833333303,28.87900833333303,16.26418999999944,4.0,4.0,2.0,1.0,1.0,1.0,10.0,10.0,6.0,0.0,0.0,0
9.179999999999849,28.919059999999696,28.919059999999696,16.284240999999444,4.0,4.0,2.0,1.0,1.0,1.0,10.0,10.0,6.0,0.0,0.0,0
9.189999999999849,28.959111666666363,28.959111666666363,16.304291999999446,4.0,4.0,2.0,1.0,1.0,1.0,10.0,10.0,6.0,0.0,0.0,0
9.199999999999848,28.99916333333303,28.99916333333303,16.32434299999945,4.0,4.0,2.0,1.0,1.0,1.0,10.0,10.0,6.0,0.0,0.0,0
9.209999999999848,29.039214999999697,29.039214999999697,16.34439399999945,4.0,4.0,2.0,1.0,1.0,1.0,10.0,10.0,6.0,0.0,0.0,0
9.219999999999848,29.079266666666364,29.079266666666364,16.364444999999453,4.0,4.0,2.0,1.0,1.0,1.0,10.0,10.0,6.0,0.0,0.0,0
9.229999999999848,29.11931833333303,29.11931833333303,16.384495999999455,4.0,4.0,2.0,1.0,1.0,1.0,10.0,10.0,6.0,0.0,0.0,0
9.239999999999847,29.159369999999697,29.159369999999697,16.404546999999457,4.0,4.0,2.0,1.0,1.0,1.0,10.0,10.0,6.0,0.0,0.0,0
9.249999999999847,29.199421666666364,29.199421666666364,16.42459799999946,4.0,4.0,2.0,1.0,1.0,1.0,10.0,10.0,6.0,0.0,0.0,0
9.259999999999847,29.23947333333303,29.23947333333303,16.444648999999462,4.0,4.0,2.0,1.0,1.0,1.0,10.0,10.0,6.0,0.0,0.0,0
9.269999999999847,29.279524999999698,29.279524999999698,16.464699999999464,4.0,4.0,2.0,1.0,1.0,1.0,10.0,10.0,6.0,0.0,0.0,0
9.279999999999847,29.319576666666364,29.319576666666364,16.484750999999466,4.0,4.0,2.0,1.0,1.0,1.0,10.0,10.0,6.0,0.0,0.0,0
9.289999999999846,29.35962833333303,29.35962833333303,16.50480199999947,4.0,4.0,2.0,1.0,1.0,1.0,10.0,10.0,6.0,0.0,0.0,0
9.299999999999846,29.399679999999698,29.399679999999698,16.52485299999947,4.0,4.0,2.0,1.0,1.0,1.0,10.0,10.0,6.0,0.0,0.0,0
9.309999999999846,29.439731666666365,29.439731666666365,16.544903999999473,4.0,4.0,2.0,1.0,1.0,1.0,10.0,10.0,6.0,0.0,0.0,0
9.319999999999846,29.47978333333303,29.47978333333303,16.564954999999475,4.0,4.0,2.0,1.0,1.0,1.0,10.0,10.0,6.0,0.0,0.0,0
9.329999999999846,29.5198349999997,29.5198349999997,16.585005999999478,4.0,4.0,2.0,1.0,1.0,1.0,10.0,10.0,6.0,0.0,0.0,0
9.339999999999845,29.559886666666365,29.559886666666365,16.60505699999948,4.0,4.0,2.0,1.0,1.0,1.0,10.0,10.0,6.0,0.0,0.0,0
9.349999999999845,29.599938333333032,29.599938333333032,16.625107999999482,4.0,4.0,2.0,1.0,1.0,1.0,10.0,10.0,6.0,0.0,0.0,0
9.359999999999845,29.6399899999997,29.6399899999997,16.645158999999484,4.0,4.0,2.0,1.0,1.0,1.0,10.0,10.0,6.0,0.0,0.0,0
9.369999999999845,29.680041666666366,29.680041666666366,16.665209999999487,4.0,4.0,2.0,1.0,1.0,1.0,10.0,10.0,6.0,0.0,0.0,0
9.379999999999844,29.720093333333033,29.720093333333033,16.68526099999949,4.0,4.0,2.0,1.0,1.0,1.0,10.0,10.0,6.0,0.0,0.0,0
9.389999999999844,29.7601449999997,29.7601449999997,16.70531199999949,4.0,4.0,2.0,1.0,1.0,1.0,10.0,10.0,6.0,0.0,0.0,0
9.399999999999844,29.800196666666366,29.800196666666366,16.725362999999493,4.0,4.0,2.0,1.0,1.0,1.0,10.0,10.0,6.0,0.0,0.0,0
9.409999999999844,29.840248333333033,29.840248333333033,16.745413999999496,4.0,4.0,2.0,1.0,1.0,1.0,10.0,10.0,6.0,0.0,0.0,0
9.419999999999844,29.8802999999997,29.8802999999997,16.765464999999498,4.0,4.0,2.0,1.0,1.0,1.0,10.0,10.0,6.0,0.0,0.0,0
9.429999999999843,29.920351666666367,29.920351666666367,16.7855159999995,4.0,4.0,2.0,1.0,1.0,1.0,10.0,10.0,6.0,0.0,0.0,0
9.439999999999843,29.960403333333034,29.960403333333034,16.805566999999503,4.0,4.0,2.0,1.0,1.0,1.0,10.0,10.0,6.0,0.0,0.0,0
9.449999999999843,30.0004549999997,30.0004549999997,16.825617999999505,4.0,4.0,2.0,1.0,1.0,1.0,10.0,10.0,6.0,0.0,0.0,0
9.459999999999843,30.040506666666367,30.040506666666367,16.845668999999507,4.0,4.0,2.0,1.0,1.0,1.0,10.0,10.0,6.0,0.0,0.0,0
9.469999999999843,30.080558333333034,30.080558333333034,16.86571999999951,4.0,4.0,2.0,1.0,1.0,1.0,10.0,10.0,6.0,0.0,0.0,0
9.479999999999842,30.1206099999997,30.1206099999997,16.88577099999951,4.0,4.0,2.0,1.0,1.0,1.0,10.0,10.0,6.0,0.0,0.0,0
9.489999999999842,30.160661666666368,30.160661666666368,16.905821999999514,4.0,4.0,2.0,1.0,1.0,1.0,10.0,10.0,6.0,0.0,0.0,0
9.499999999999842,30.200713333333034,30.200713333333034,16.925872999999516,4.0,4.0,2.0,1.0,1.0,1.0,10.0,10.0,6.0,0.0,0.0,0
9.509999999999842,30.2407649999997,30.2407649999997,16.94592399999952,4.0,4.0,2.0,1.0,1.0,1.0,10.0,10.0,6.0,0.0,0.0,0
9.519999999999841,30.280816666666368,30.280816666666368,16.96597499999952,4.0,4.0,2.0,1.0,1.0,1.0,10.0,10.0,6.0,0.0,0.0,0
9.529999999999841,30.320868333333035,30.320868333333035,16.986025999999523,4.0,4.0,2.0,1.0,1.0,1.0,10.0,10.0,6.0,0.0,0.0,0
9.539999999999841,30.3609199999997,30.3609199999997,17.006076999999525,4.0,4.0,2.0,1.0,1.0,1.0,10.0,10.0,6.0,0.0,0.0,0
9.54999999999984,30.40097166666637,30.40097166666637,17.026127999999527,4.0,4.0,2.0,1.0,1.0,1.0,10.0,10.0,6.0,0.0,0.0,0
9.55999999999984,30.441023333333035,30.441023333333035,17.04617899999953,4.0,4.0,2.0,1.0,1.0,1.0,10.0,10.0,6.0,0.0,0.0,0
9.56999999999984,30.481074999999702,30.481074999999702,17.066229999999532,4.0,4.0,2.0,1.0,1.0,1.0,10.0,10.0,6.0,0.0,0.0,0
9.57999999999984,30.52112666666637,30.52112666666637,17.086280999999534,4.0,4.0,2.0,1.0,1.0,1.0,10.0,10.0,6.0,0.0,0.0,0
9.58999999999984,30.561178333333036,30.561178333333036,17.106331999999536,4.0,4.0,2.0,1.0,1.0,1.0,10.0,10.0,6.0,0.0,0.0,0
9.59999999999984,30.601229999999703,30.601229999999703,17.12638299999954,4.0,4.0,2.0,1.0,1.0,1.0,10.0,10.0,6.0,0.0,0.0,0
9.60999999999984,30.64128166666637,30.64128166666637,17.14643399999954,4.0,4.0,2.0,1.0,1.0,1.0,10.0,10.0,6.0,0.0,0.0,0
9.61999999999984,30.681333333333036,30.681333333333036,17.166484999999543,4.0,4.0,2.0,1.0,1.0,1.0,10.0,10.0,6.0,0.0,0.0,0
9.62999999999984,30.721384999999703,30.721384999999703,17.186535999999546,4.0,4.0,2.0,1.0,1.0,1.0,10.0,10.0,6.0,0.0,0.0,0
9.639999999999839,30.76143666666637,30.76143666666637,17.206586999999548,4.0,4.0,2.0,1.0,1.0,1.0,10.0,10.0,6.0,0.0,0.0,0
9.649999999999839,30.801488333333037,30.801488333333037,17.22663799999955,4.0,4.0,2.0,1.0,1.0,1.0,10.0,10.0,6.0,0.0,0.0,0
9.659999999999838,30.841539999999704,30.841539999999704,17.246688999999552,4.0,4.0,2.0,1.0,1.0,1.0,10.0,10.0,6.0,0.0,0.0,0
9.669999999999838,30.88159166666637,30.88159166666637,17.266739999999555,4.0,4.0,2.0,1.0,1.0,1.0,10.0,10.0,6.0,0.0,0.0,0
9.679999999999838,30.921643333333037,30.921643333333037,17.286790999999557,4.0,4.0,2.0,1.0,1.0,1.0,10.0,10.0,6.0,0.0,0.0,0
9.689999999999838,30.961694999999704,30.961694999999704,17.30684199999956,4.0,4.0,2.0,1.0,1.0,1.0,10.0,10.0,6.0,0.0,0.0,0
9.699999999999838,31.00174666666637,31.00174666666637,17.32689299999956,4.0,4.0,2.0,1.0,1.0,1.0,10.0,10.0,6.0,0.0,0.0,0
9.709999999999837,31.041798333333038,31.041798333333038,17.346943999999564,4.0,4.0,2.0,1.0,1.0,1.0,10.0,10.0,6.0,0.0,0.0,0
9.719999999999837,31.081849999999704,31.081849999999704,17.366994999999566,4.0,4.0,2.0,1.0,1.0,1.0,10.0,10.0,6.0,0.0,0.0,0
9.729999999999837,31.12190166666637,31.12190166666637,17.387045999999568,4.0,4.0,2.0,1.0,1.0,1.0,10.0,10.0,6.0,0.0,0.0,0
9.739999999999837,31.161953333333038,31.161953333333038,17.40709699999957,4.0,4.0,2.0,1.0,1.0,1.0,10.0,10.0,6.0,0.0,0.0,0
9.749999999999837,31.202004999999705,31.202004999999705,17.427147999999573,4.0,4.0,2.0,1.0,1.0,1.0,10.0,10.0,6.0,0.0,0.0,0
9.759999999999836,31.24205666666637,31.24205666666637,17.447198999999575,4.0,4.0,2.0,1.0,1.0,1.0,10.0,10.0,6.0,0.0,0.0,0
9.769999999999836,31.28210833333304,31.28210833333304,17.467249999999577,4.0,4.0,2.0,1.0,1.0,1.0,10.0,10.0,6.0,0.0,0.0,0
9.779999999999836,31.322159999999705,31.322159999999705,17.48730099999958,4.0,4.0,2.0,1.0,1.0,1.0,10.0,10.0,6.0,0.0,0.0,0
9.789999999999836,31.362211666666372,31.362211666666372,17.50735199999958,4.0,4.0,2.0,1.0,1.0,1.0,10.0,10.0,6.0,0.0,0.0,0
9.799999999999836,31.40226333333304,31.40226333333304,17.527402999999584,4.0,4.0,2.0,1.0,1.0,1.0,10.0,10.0,6.0,0.0,0.0,0
9.809999999999835,31.442314999999706,31.442314999999706,17.547453999999586,4.0,4.0,2.0,1.0,1.0,1.0,10.0,10.0,6.0,0.0,0.0,0
9.819999999999835,31.482366666666373,31.482366666666373,17.56750499999959,4.0,4.0,2.0,1.0,1.0,1.0,10.0,10.0,6.0,0.0,0.0,0
9.829999999999835,31.52241833333304,31.52241833333304,17.58755599999959,4.0,4.0,2.0,1.0,1.0,1.0,10.0,10.0,6.0,0.0,0.0,0
9.839999999999835,31.562469999999706,31.562469999999706,17.607606999999593,4.0,4.0,2.0,1.0,1.0,1.0,10.0,10.0,6.0,0.0,0.0,0
9.849999999999834,31.602521666666373,31.602521666666373,17.627657999999595,4.0,4.0,2.0,1.0,1.0,1.0,10.0,10.0,6.0,0.0,0.0,0
9.859999999999834,31.64257333333304,31.64257333333304,17.647708999999598,4.0,4.0,2.0,1.0,1.0,1.0,10.0,10.0,6.0,0.0,0.0,0
9.869999999999834,31.682624999999707,31.682624999999707,17.6677599999996,4.0,4.0,2.0,1.0,1.0,1.0,10.0,10.0,6.0,0.0,0.0,0
9.879999999999834,31.722676666666374,31.722676666666374,17.687810999999602,4.0,4.0,2.0,1.0,1.0,1.0,10.0,10.0,6.0,0.0,0.0,0
9.889999999999834,31.76272833333304,31.76272833333304,17.707861999999604,4.0,4.0,2.0,1.0,1.0,1.0,10.0,10.0,6.0,0.0,0.0,0
9.899999999999833,31.802779999999707,31.802779999999707,17.727912999999607,4.0,4.0,2.0,1.0,1.0,1.0,10.0,10.0,6.0,0.0,0.0,0
9.909999999999833,31.842831666666374,31.842831666666374,17.74796399999961,4.0,4.0,2.0,1.0,1.0,1.0,10.0,10.0,6.0,0.0,0.0,0
9.919999999999833,31.88288333333304,31.88288333333304,17.76801499999961,4.0,4.0,2.0,1.0,1.0,1.0,10.0,10.0,6.0,0.0,0.0,0
9.929999999999833,31.922934999999708,31.922934999999708,17.788065999999613,4.0,4.0,2.0,1.0,1.0,1.0,10.0,10.0,6.0,0.0,0.0,0
9.939999999999833,31.962986666666374,31.962986666666374,17.808116999999616,4.0,4.0,2.0,1.0,1.0,1.0,10.0,10.0,6.0,0.0,0.0,0
9.949999999999832,32.003038333333045,32.003038333333045,17.828167999999618,4.0,4.0,2.0,1.0,1.0,1.0,10.0,10.0,6.0,0.0,0.0,0
9.959999999999832,32.043089999999715,32.043089999999715,17.84821899999962,4.0,4.0,2.0,1.0,1.0,1.0,10.0,10.0,6.0,0.0,0.0,0
9.969999999999832,32.083141666666386,32.083141666666386,17.868269999999622,4.0,4.0,2.0,1.0,1.0,1.0,10.0,10.0,6.0,0.0,0.0,0
9.979999999999832,32.123193333333056,32.123193333333056,17.888320999999625,4.0,4.0,2.0,1.0,1.0,1.0,10.0,10.0,6.0,0.0,0.0,0
9.989999999999831,32.163244999999726,32.163244999999726,17.908371999999627,4.0,4.0,2.0,1.0,1.0,1.0,10.0,10.0,6.0,0.0,0.0,0
9.999999999999831,32.2032966666664,32.2032966666664,17.92842299999963,4.0,4.0,2.0,1.0,1.0,1.0,10.0,10.0,6.0,0.0,0.0,0
10.009999999999831,32.24334833333307,32.24334833333307,17.94847399999963,4.0,4.0,2.0,1.0,1.0,1.0,10.0,10.0,6.0,0.0,0.0,0
